 -0.00811653013340008  0.04005864758905213  0.06701432875980363  0.08729490867535694
  0.10464748007067631  0.12021107396853732  0.13450683078459369  0.14782913602539194
  0.16043262864028665  0.17240812868206734  0.18391585110377204  0.19496483669717585
  0.20568150362369025  0.21604654121940153  0.22617064806945053  0.23602037502228826
  0.24566380174299593  0.25509001041084356  0.26434947441681278  0.27344723852287067
  0.28239583324060180  0.29120902596228332  0.29989365329490258  0.30847160515065974
  0.31694371003256711  0.32531909364781536  0.33361089703511615  0.34181403259613091
  0.34994387450330466  0.35800329073243464  0.36599690544005126  0.37393499384900025
  0.38181666970673594  0.38964935983918331  0.39743612085244556  0.40517731955262232
  0.41288223951921171  0.42055150912521400  0.42819003141060735  0.43580464097228405
  0.44339781127613043  0.45096965354531798  0.45851999823647704  0.46605036911326619
  0.47356366359147739  0.48107035249825530  0.48856504552303448  0.49605676111427865
  0.50354648515508227  0.51104812487016404  0.51855336022950460  0.52607249851496940
  0.53359540706814346  0.54112948220949075  0.54867712377707456  0.55623831107053567
  0.56382066272377385  0.57142848257786083  0.57906351538531364  0.58673320309239152
  0.59443945037137069  0.60218083277144219  0.60996456003909028  0.61778990929804189
  0.62566189830806451  0.63359244875561205  0.64158011169474649  0.64963229876529760
  0.65775602772363073  0.66595206159498666  0.67423921560626709  0.68261388593563832
  0.69108039456244830  0.69965463448552934  0.70833517193740758  0.71714608235338217
  0.72609339249336757  0.73518624647128383  0.74444540309297846  0.75386979444366253
  0.76351271711189883  0.77334722471409434  0.78345682230826053  0.79380377969248073
  0.80451594868958920  0.81555171789297987  0.82705871729081815  0.83901818575935783
  0.85160323977732322  0.86489284624087215  0.87915722614325009  0.89466473309867645
  0.91194347384914953  0.93210646771641115  0.95906530811739543  1.00000000000000000
 -0.00241083387050206  0.00939386565171665  0.01949264445572594  0.03015392912319774
  0.04067572368676732  0.05113079097226989  0.06155288924124642  0.07209974610567942
  0.08266117124341457  0.09317615079259653  0.10369312223729175  0.11417676810698676
  0.12480146234031245  0.13533221986870411  0.14596331142669550  0.15649953237779690
  0.16707424079604344  0.17757209708902830  0.18819546626800987  0.19877141587245467
  0.20941223167149084  0.21990774885084688  0.23041848099050263  0.24093381305432179
  0.25148307945059745  0.26198034395524467  0.27260089977738350  0.28316458257182286
  0.29380303408244368  0.30447563843852410  0.31516775555369353  0.32594009491219567
  0.33661144188349368  0.34725799212066039  0.35778378455839810  0.36832512025185254
  0.37890078753970069  0.38944450260891755  0.40005538282126363  0.41062477847542705
  0.42130329187347071  0.43187091745559392  0.44246907434764232  0.45301309694840924
  0.46349044435772202  0.47397597375012096  0.48448066664317718  0.49499870327308609
  0.50546419422235855  0.51590929972187316  0.52645407947452083  0.53703603749323303
  0.54758003666155930  0.55805760024133955  0.56855071083767783  0.57911421820699360
  0.58966297515550858  0.60024703000022361  0.61071280448771836  0.62117350003075678
  0.63152315282547522  0.64198271199752943  0.65236845762528417  0.66276379893433413
  0.67308065078628765  0.68347130953875745  0.69397757650643599  0.70444975752908290
  0.71500366525239989  0.72544717860297070  0.73597288033072616  0.74642648011702206
  0.75701269674008775  0.76762213815886648  0.77833102543621635  0.78895939744989740
  0.79956964352920845  0.81015772260059904  0.82067261986749418  0.83123914019575618
  0.84185568975293457  0.85252161558480588  0.86304016005207596  0.87359669099671167
  0.88408222515600210  0.89456007455978226  0.90502210968804919  0.91547774640340629
  0.92598346130989329  0.93637011463843656  0.94687032259378556  0.95738953245313485
  0.96804211142050955  0.97872415535274371  0.98941512722572822  1.00000000000000000
   3.0334039781158805E-009  -1.0000000000000000     
 F F F F F F F F
  <DiscreteSampler_grid>
  grouped_processes
  1 # 1 for a reference and 2 for a running grid.
  10 # Attribute 'min_bin_probing_points' of the grid.
  1 # Attribute 'grid_mode' of the grid. 1=='default',2=='initialization'
  0.0000000000000000 # Attribute 'small_contrib_threshold' of the grid.
  0.5000000000000000 # Attribute 'damping_power' of the grid.
 # binID   n_entries weight   weight_sqr   abs_weight
    10   10   4.235873725056766E+004   2.707054939050576E+009   4.235873725056766E+004
  </DiscreteSampler_grid>
