 -0.00626373603381380  0.03485542762008510  0.06004891725587429  0.07972499858825684
  0.09675396197349655  0.11215840051434987  0.12633230984798061  0.13964230111501827
  0.15222072282059473  0.16429477471579920  0.17582146930459883  0.18701826602843497
  0.19780502267882627  0.20837444948069134  0.21860912761063075  0.22866315172758489
  0.23844075696065820  0.24807866101165196  0.25751424592986194  0.26682252907574305
  0.27597062136492512  0.28499110741842815  0.29389081377726195  0.30267209380943566
  0.31136544185326792  0.31995928478441882  0.32847049362118103  0.33689909743454488
  0.34524151731683966  0.35353453232705384  0.36175745615642962  0.36992372629084014
  0.37803941005410213  0.38610112604793878  0.39413305390415088  0.40211365071531624
  0.41006119625178949  0.41797911787682734  0.42586432688966774  0.43372364309223094
  0.44155619802669138  0.44936821017272616  0.45716537908296723  0.46494997104726166
  0.47272188181509323  0.48048717007391128  0.48824043350415663  0.49598306575523071
  0.50372157505372595  0.51146087751593594  0.51921038931971264  0.52696775689434117
  0.53472812415999416  0.54250050724132459  0.55029035076713784  0.55810094381411579
  0.56593405392011331  0.57378809693686328  0.58166056524566179  0.58956273518218272
  0.59749610827739019  0.60546651830515763  0.61349157364430129  0.62155266054989255
  0.62966230764842790  0.63782410053561722  0.64603738096957397  0.65432821405005137
  0.66267628515493793  0.67110894185195602  0.67962736000635382  0.68822337325364236
  0.69692138395315117  0.70570509286933858  0.71460062038282612  0.72361712040944925
  0.73275744262865106  0.74206139197865328  0.75149141026993738  0.76113378421611144
  0.77091146673385702  0.78095722192118233  0.79116754635282904  0.80172475783406616
  0.81250576035570587  0.82371406149821347  0.83523640689278211  0.84729826081297399
  0.85984594516447488  0.87312751915202902  0.88726607659300039  0.90258842634843461
  0.91944658094614695  0.93887218190196708  0.96398353542264059  1.00000000000000000
 -0.00234654941208805  0.00974358210368418  0.02001499821285553  0.03054989287425911
  0.04114010518043610  0.05162756266311801  0.06215691251855759  0.07284115035989036
  0.08350215617033493  0.09400835226547220  0.10452516127294895  0.11517737514242025
  0.12580516358606114  0.13637371876564677  0.14690844335718711  0.15738383377452578
  0.16784762700515801  0.17831086160471377  0.18877699010778923  0.19920533453990466
  0.20967916840365677  0.22023739858666461  0.23077506723982893  0.24127528302171969
  0.25187346951304052  0.26251932907304920  0.27314060013967845  0.28370486403360584
  0.29430382567627589  0.30492350784843808  0.31557848422896845  0.32615449170587502
  0.33670518000728733  0.34724086675503074  0.35777622966943001  0.36836967320943936
  0.37883207297351079  0.38925555921362437  0.39970997202046543  0.41029947976243558
  0.42098715146545496  0.43163912808131705  0.44229023295160402  0.45286388391924359
  0.46336588782377669  0.47388854167273292  0.48442439045483243  0.49498825121733708
  0.50554041858852417  0.51609954227108557  0.52667920852297823  0.53712557211905398
  0.54757771487391638  0.55800911120262486  0.56841477901669368  0.57888054549182455
  0.58934904433348456  0.60000277201406338  0.61046207790246165  0.62099601195143328
  0.63144015392355246  0.64202256079650355  0.65246789074895306  0.66285417747489339
  0.67324837998556064  0.68376836928853801  0.69433700203597171  0.70486425145782228
  0.71535555147536767  0.72583363190230299  0.73644674902145357  0.74704611699452117
  0.75767497869181444  0.76823566377288266  0.77883428463384696  0.78940875891553242
  0.79996691891671490  0.81055896510927261  0.82107431092335137  0.83157491572135567
  0.84202992005354949  0.85264190390866723  0.86317367430286240  0.87360858498002936
  0.88415676293836332  0.89460657023055035  0.90512316236356083  0.91560931651883970
  0.92609965576717246  0.93663916061733399  0.94710557177818611  0.95771187925674117
  0.96827561368182746  0.97887846727314543  0.98942451261002962  1.00000000000000000
   9.2533283416445039E-008  -1.0000000000000000     
 F F F F F F F F
  <DiscreteSampler_grid>
  grouped_processes
  1 # 1 for a reference and 2 for a running grid.
  10 # Attribute 'min_bin_probing_points' of the grid.
  1 # Attribute 'grid_mode' of the grid. 1=='default',2=='initialization'
  0.0000000000000000 # Attribute 'small_contrib_threshold' of the grid.
  0.5000000000000000 # Attribute 'damping_power' of the grid.
 # binID   n_entries weight   weight_sqr   abs_weight
    10   10   3.441160822197123E+005   1.301060641515709E+011   3.441160822197123E+005
  </DiscreteSampler_grid>
