 -0.00650487881542401  0.03493575047612871  0.06019892441412812  0.07984490917689128
  0.09681143287183971  0.11219495235333306  0.12637280500504003  0.13970292744936583
  0.15228821343948667  0.16438445979512162  0.17592511322435231  0.18714914485260339
  0.19793472564600828  0.20850192590912986  0.21873073207903024  0.22878974169669483
  0.23857483486717918  0.24821591077436039  0.25765025866504371  0.26695959559832194
  0.27610778610093195  0.28512708789867053  0.29402686734180067  0.30280552121639642
  0.31149687691485844  0.32008229404400357  0.32858813241076384  0.33701001608862347
  0.34534728928064273  0.35363718896681079  0.36185790300416310  0.37003397353943418
  0.37815597898286296  0.38622239763353106  0.39425139550597327  0.40222597653601755
  0.41016738531301422  0.41807840191676998  0.42595544752828579  0.43381013260148238
  0.44164103051600340  0.44944971828012392  0.45723868728297384  0.46501040954314826
  0.47276772487947077  0.48052575793915486  0.48827584060380558  0.49602524746210452
  0.50376951136381087  0.51151155716530561  0.51925948281693357  0.52701457397804397
  0.53477236455068378  0.54253934108175594  0.55032497286674265  0.55813437723392068
  0.56597357128426040  0.57383801562863135  0.58172077573534731  0.58963521757255688
  0.59758137543039846  0.60555871182820664  0.61358543368262464  0.62164278988559329
  0.62975737648717700  0.63792898311343282  0.64614882605188351  0.65444026011769230
  0.66278327584891050  0.67121360004026254  0.67973198239285293  0.68833028464781154
  0.69703368587990489  0.70581227070254415  0.71470334252595902  0.72370880510944802
  0.73284406497775945  0.74214177232456335  0.75157073003401642  0.76120283777595033
  0.77097759590431758  0.78102193025537958  0.79123875573649172  0.80179041920949290
  0.81255225129868480  0.82375367124549370  0.83526951106001401  0.84732800622665605
  0.85987493359811906  0.87315946191833438  0.88730802562013611  0.90262651549158801
  0.91949046312715588  0.93896055009424961  0.96414080530908031  1.00000000000000000
 -0.00246893617433262  0.00947045702531650  0.01965784394451890  0.03009126839839794
  0.04062935026190340  0.05116624289533999  0.06164358202510519  0.07213462039935682
  0.08261016459127020  0.09318527553953053  0.10369068562323587  0.11418283332885869
  0.12468673547778190  0.13520503887961230  0.14571196746062906  0.15630713819614106
  0.16690955377605293  0.17753990411050119  0.18814814588431358  0.19864451719217166
  0.20900129629598579  0.21941517352005288  0.22982444220215600  0.24035946985096529
  0.25084048076965920  0.26137510815956871  0.27191605550610953  0.28241350638772977
  0.29299778833074897  0.30352124493786381  0.31401109639508018  0.32446936005499055
  0.33491574453791939  0.34549177456056013  0.35604895017050775  0.36672446315895246
  0.37729167324197521  0.38780696739698156  0.39834641668838983  0.40901374457315226
  0.41964033835722336  0.43018910742896160  0.44072949677725948  0.45133648019939454
  0.46189039623756151  0.47241767292949877  0.48298889490384667  0.49362614564979507
  0.50420621148097544  0.51476684985598542  0.52531356300825072  0.53583394828462405
  0.54631154111666591  0.55673129776681229  0.56721736456942640  0.57770358998292193
  0.58823082796309778  0.59865351811045675  0.60917430546422568  0.61966766606364665
  0.63021261549762586  0.64080966199561729  0.65148713213617504  0.66221650735108750
  0.67277039034953678  0.68325898842875399  0.69372073404563939  0.70418519760664133
  0.71458974715956625  0.72512213358857480  0.73569469988718206  0.74638167949518064
  0.75694922580909241  0.76754503264766050  0.77807132616807506  0.78872229230867241
  0.79933229349334467  0.80994673686939000  0.82046580723121798  0.83101315617347848
  0.84159888846521724  0.85218912197479102  0.86278409139197054  0.87337661231835084
  0.88382348373471331  0.89420335909046189  0.90454456382001658  0.91493881630234986
  0.92548429030310675  0.93610594949235615  0.94679947829520550  0.95752484364972312
  0.96821160535036588  0.97888617874575024  0.98944689406705022  1.00000000000000000
   2.0399659522378140E-007  -1.0000000000000000     
 F F F F F F F F
  <DiscreteSampler_grid>
  grouped_processes
  1 # 1 for a reference and 2 for a running grid.
  10 # Attribute 'min_bin_probing_points' of the grid.
  1 # Attribute 'grid_mode' of the grid. 1=='default',2=='initialization'
  0.0000000000000000 # Attribute 'small_contrib_threshold' of the grid.
  0.5000000000000000 # Attribute 'damping_power' of the grid.
 # binID   n_entries weight   weight_sqr   abs_weight
    10   10   2.061686512161207E+005   4.523007927371243E+010   2.061686512161207E+005
  </DiscreteSampler_grid>
