 -0.00648013293293245  0.03497890683562693  0.06017246377033913  0.07980697822100011
  0.09679548039072636  0.11218906648765550  0.12638501071536226  0.13972332948019880
  0.15229765343627102  0.16437810386673454  0.17590778347738081  0.18711832774255857
  0.19789756822616533  0.20846048645594856  0.21868406541367161  0.22874633308177703
  0.23853500888171353  0.24817554310318246  0.25760201964456581  0.26690532103192161
  0.27605750300259146  0.28509121725728021  0.29400332463127732  0.30279545166641852
  0.31149275291129491  0.32007546153475502  0.32857582156559767  0.33699673403292668
  0.34534097650460560  0.35363666439048369  0.36185537224152708  0.37002439744781862
  0.37814040080023559  0.38621103360134584  0.39424259893395475  0.40221763856238163
  0.41015526480793207  0.41806154062540080  0.42593572110510486  0.43378671701894300
  0.44161310654585478  0.44941787233315222  0.45720794502623840  0.46498383148549355
  0.47274879499847344  0.48051052883962664  0.48826591763947874  0.49601497874715478
  0.50375911387427064  0.51150428547885451  0.51924429897145896  0.52699734474827209
  0.53475068659608449  0.54251772758896821  0.55030160480156431  0.55810383341148773
  0.56593315878991424  0.57378795608228861  0.58166615676584765  0.58957967151731128
  0.59752846963489148  0.60551326660887494  0.61354451835344403  0.62160925328624894
  0.62972561463651988  0.63789595384560049  0.64611976752366373  0.65441903378752830
  0.66277288689371616  0.67120886909935262  0.67972503247834859  0.68831787614251294
  0.69701445545697149  0.70580060782994058  0.71470054043564690  0.72372158459383829
  0.73286376078547666  0.74216811087686774  0.75159981394328734  0.76124268090816005
  0.77102746680359824  0.78108713882839809  0.79130659114009694  0.80187173806587819
  0.81266014205594106  0.82389074311837407  0.83542639307411093  0.84749344132832005
  0.86003872311283514  0.87333628050078860  0.88748391363659407  0.90281826681184241
  0.91972764146865504  0.93928066743817717  0.96446588927054122  1.00000000000000000
 -0.00250415294214531  0.00971046041792350  0.01999348192610385  0.03047380919852223
  0.04093145384074467  0.05142993585599533  0.06199873757664708  0.07258768510751114
  0.08300514549340615  0.09338741873550421  0.10378887000945827  0.11427000554191917
  0.12490498751954975  0.13556928138715518  0.14616078914958394  0.15669084532451430
  0.16712995086638546  0.17760474059108364  0.18805966153267489  0.19860213552588396
  0.20915813928218868  0.21970533406862125  0.23024245487468589  0.24078998793337567
  0.25134473064590424  0.26185135993517017  0.27235004954221725  0.28283940488564419
  0.29333314820714823  0.30383164440654647  0.31426415195413582  0.32466703929757879
  0.33513567429600305  0.34565282468337438  0.35616600338301785  0.36670562667783696
  0.37721985355077370  0.38784623389825068  0.39839944994073440  0.40900760052290963
  0.41966289326100903  0.43040333821697363  0.44105695508608223  0.45158356892556029
  0.46212695496733486  0.47267025866649803  0.48323758547862505  0.49365829480269013
  0.50402666791764106  0.51444835856608873  0.52487087335913452  0.53547826786253327
  0.54603269471729765  0.55663482484065241  0.56718457362054753  0.57773941666132844
  0.58824414093375488  0.59873226165118310  0.60925482287135813  0.61977655035473633
  0.63026511820154141  0.64080994881425124  0.65138524983944368  0.66208976457070001
  0.67266976809462276  0.68333474630537994  0.69388580061680338  0.70452033209806464
  0.71514723865583085  0.72573175289463954  0.73634575827536863  0.74694370035390645
  0.75755012702022750  0.76812164369809088  0.77868126076743915  0.78927081912187824
  0.79978637037386680  0.81030275131019358  0.82079376176857832  0.83134531494220543
  0.84206226163135500  0.85265050866507242  0.86322450076866897  0.87352762580336640
  0.88403902185026761  0.89456244879754099  0.90513039584148636  0.91571333277856870
  0.92620817032694636  0.93677266165153994  0.94723866319532490  0.95774939337188991
  0.96826173023054796  0.97877557276046545  0.98938223037798767  1.00000000000000000
   2.0276039266021177E-007  -1.0000000000000000     
 F F F F F F F F
  <DiscreteSampler_grid>
  grouped_processes
  1 # 1 for a reference and 2 for a running grid.
  10 # Attribute 'min_bin_probing_points' of the grid.
  1 # Attribute 'grid_mode' of the grid. 1=='default',2=='initialization'
  0.0000000000000000 # Attribute 'small_contrib_threshold' of the grid.
  0.5000000000000000 # Attribute 'damping_power' of the grid.
 # binID   n_entries weight   weight_sqr   abs_weight
    10   10   2.010550000580918E+005   5.004571088593279E+010   2.010550000580918E+005
  </DiscreteSampler_grid>
