 -0.00639698032820195  0.03516723125871053  0.06040707593662768  0.08000682150562044
  0.09693256525646692  0.11228977681768670  0.12645188281307079  0.13974666968538466
  0.15230638323301790  0.16437223785955685  0.17590995787082220  0.18712843295999748
  0.19792358471793492  0.20849283201005792  0.21872692537564514  0.22878635918393167
  0.23857158224177988  0.24820798089319160  0.25763175095571073  0.26692032500052704
  0.27604776665935515  0.28506007263653943  0.29396026991375612  0.30274790882275521
  0.31144594120703295  0.32004100071923636  0.32856396453725839  0.33700760893498599
  0.34536328421030726  0.35366455485031228  0.36188646266250896  0.37005815814806364
  0.37817420777527516  0.38623943904731145  0.39427372868768162  0.40225282977064614
  0.41019738518726129  0.41810649089369012  0.42598139800903628  0.43383524251535777
  0.44166387434124699  0.44947304066889321  0.45726848142996157  0.46504599082937131
  0.47280721066136056  0.48055779883726962  0.48829704641414617  0.49604035223972948
  0.50378554374305939  0.51153625047011075  0.51928757424347172  0.52704030383540013
  0.53479851298335312  0.54256933677920227  0.55035909783820403  0.55816726923091853
  0.56599738900950980  0.57385175030760105  0.58172785051432196  0.58963808442188004
  0.59758070125749552  0.60555662804933830  0.61358333876041393  0.62164363321776750
  0.62975871451474241  0.63792937080609935  0.64614743732622004  0.65443894986259898
  0.66278260523777255  0.67120869807647643  0.67971618847611648  0.68830394423514407
  0.69700027468657688  0.70579125506236740  0.71469746198495054  0.72371763198585526
  0.73285548865876482  0.74215225898643755  0.75157745543365484  0.76121794547905253
  0.77099693207629405  0.78105823680401931  0.79128033061097980  0.80185770986492322
  0.81264612993101748  0.82387168419291035  0.83540717112834539  0.84748701916266367
  0.86004191405746988  0.87334801054697986  0.88748978878442664  0.90282680293407025
  0.91973787109047944  0.93928064233479702  0.96444014833428426  1.00000000000000000
 -0.00238089960178560  0.00959828117747065  0.01974985766028271  0.03027417733701488
  0.04080394841283691  0.05139656914030799  0.06194933702054562  0.07245072636912187
  0.08290744826908714  0.09343089914550934  0.10402530091745234  0.11460296849181202
  0.12523503408322659  0.13587473806467856  0.14644929310177102  0.15691327742260680
  0.16733856013630674  0.17784765780688172  0.18836969181006200  0.19894984676007657
  0.20948414192994169  0.21999436049414808  0.23050100505356541  0.24112708868906019
  0.25174467042152143  0.26226334080135105  0.27275359360202067  0.28331529907487485
  0.29390522995148632  0.30447261351087285  0.31497648887040580  0.32548370603242793
  0.33597050909634407  0.34657722620435166  0.35716078573140869  0.36782541586234851
  0.37845855013844498  0.38917083585211854  0.39982417027099365  0.41045758841226027
  0.42120089757345280  0.43194244932672665  0.44266852539589874  0.45327490993590874
  0.46386239109059751  0.47448835466179345  0.48497746067593617  0.49543092941733180
  0.50582751651599522  0.51630617419712277  0.52677366243505996  0.53733079407521955
  0.54788297542528674  0.55843163424156772  0.56902824216619452  0.57960640467499336
  0.59018098215664361  0.60070687016706148  0.61120455378823768  0.62177193051338231
  0.63228947740959074  0.64286489268416147  0.65342538903363145  0.66401811267820299
  0.67453601748981884  0.68513973545024631  0.69561982426295299  0.70617852134014114
  0.71661491921051412  0.72705718156092547  0.73758778877341336  0.74812271340967618
  0.75875048961898650  0.76929272629955159  0.77977024697016684  0.79017303135920747
  0.80061787065522305  0.81096142772378643  0.82137160097040973  0.83170851833960835
  0.84220102638995453  0.85272387867541044  0.86322355313661903  0.87368974598916394
  0.88419387128208149  0.89469659244625865  0.90531868016979156  0.91595813410071825
  0.92664925211840754  0.93727695276589384  0.94780501600183753  0.95825773868290964
  0.96865559052004135  0.97903285436872178  0.98947213547786672  1.00000000000000000
   2.0375750961926019E-007  -1.0000000000000000     
 F F F F F F F F
  <DiscreteSampler_grid>
  grouped_processes
  1 # 1 for a reference and 2 for a running grid.
  10 # Attribute 'min_bin_probing_points' of the grid.
  1 # Attribute 'grid_mode' of the grid. 1=='default',2=='initialization'
  0.0000000000000000 # Attribute 'small_contrib_threshold' of the grid.
  0.5000000000000000 # Attribute 'damping_power' of the grid.
 # binID   n_entries weight   weight_sqr   abs_weight
    10   10   1.262458593206154E+005   2.276238257755124E+010   1.262458593206154E+005
  </DiscreteSampler_grid>
