 -0.00614835764099603  0.03520292776541327  0.06048763319337729  0.08013345740373595
  0.09706260865909377  0.11240002198861444  0.12655700188163235  0.13987641611261309
  0.15242309540379206  0.16447335933718318  0.17598792374967570  0.18720516542001095
  0.19800253403778484  0.20856756131516666  0.21879089512155275  0.22884829518297090
  0.23864257586642204  0.24829796333441462  0.25773856633475184  0.26704932550444588
  0.27620005266391612  0.28522265694515231  0.29412132276038822  0.30289677452101760
  0.31158542230550296  0.32017330343314737  0.32868259068279504  0.33710953740192506
  0.34544921315576782  0.35373951093370304  0.36196020949550195  0.37013202212600993
  0.37825182235807703  0.38631553195145701  0.39434720186476585  0.40232562937305744
  0.41026580856501932  0.41817001082082267  0.42604164809319045  0.43389582558407463
  0.44172963673455690  0.44954552922113650  0.45734597900644414  0.46513319349311988
  0.47290870980548633  0.48067584485127629  0.48843036964680187  0.49617977661446622
  0.50392116969933498  0.51166937668649448  0.51942004065969938  0.52718426688452447
  0.53494954068826195  0.54272319345584219  0.55051285212088352  0.55832272909725422
  0.56616042361842611  0.57402294510890217  0.58190363217644592  0.58981723574346590
  0.59776344153057082  0.60574252880828394  0.61377724907814624  0.62184246054783610
  0.62995737431239829  0.63812690497320379  0.64634962646278393  0.65465534444330142
  0.66301344000055262  0.67145092399175677  0.67996776262495418  0.68856265391349547
  0.69726095611036187  0.70604168116230559  0.71493696825650677  0.72394823998706137
  0.73308646458741944  0.74239119272061005  0.75182276157016559  0.76146356441016383
  0.77124270901896974  0.78129818253511107  0.79152502064658692  0.80208655250594696
  0.81286721381672822  0.82406809956378346  0.83559236109588608  0.84765199034332306
  0.86018898789022058  0.87345735167030580  0.88758795134830526  0.90292204111002983
  0.91983180353861027  0.93940510855171566  0.96458274529576682  1.00000000000000000
 -0.00244244926659969  0.00973648657697396  0.02002748471623495  0.03056250512778025
  0.04119382070084988  0.05185002329052107  0.06250706692463939  0.07297149630901538
  0.08339016576777766  0.09383367585567848  0.10429509970225941  0.11474821608670706
  0.12518344095850997  0.13569239990308754  0.14617834158133450  0.15667522829339051
  0.16717386850513638  0.17771735876036174  0.18817658470374166  0.19864425580433018
  0.20915612039540554  0.21966995750117757  0.23020367394764835  0.24076310618102725
  0.25131680600944600  0.26189314235302230  0.27240482569879448  0.28292544739865760
  0.29336709542713674  0.30383453520093645  0.31433372552808891  0.32488779501588261
  0.33548033763883894  0.34600736667328702  0.35662008932719713  0.36708270949387212
  0.37760772465874559  0.38807125899802847  0.39854166614456010  0.40901179356269091
  0.41943194903624853  0.42993116313787560  0.44036033880192699  0.45065994461762748
  0.46103282056341216  0.47146642301738201  0.48193808692762524  0.49238463092773604
  0.50281203308954259  0.51339832606554847  0.52404910529462989  0.53482783445484461
  0.54549411165216866  0.55612666244128184  0.56671630800126849  0.57735309095071974
  0.58787505010296504  0.59834792656529401  0.60879737519862176  0.61926923355701280
  0.62981809168538339  0.64041569179285396  0.65102420401877592  0.66158540607589778
  0.67218881102334227  0.68279720306933878  0.69340875408146896  0.70401099922469257
  0.71455779798670016  0.72508521140530902  0.73569124537522135  0.74640172570403340
  0.75709460715454535  0.76770093442977161  0.77833926931835140  0.78904551312151106
  0.79976497336782115  0.81042285706392281  0.82092021651553171  0.83136432133924609
  0.84170850816646958  0.85210841321147524  0.86248720915713817  0.87294262806458134
  0.88338033381467906  0.89394465145118496  0.90448598843100914  0.91506885229281865
  0.92565488977145094  0.93623054557816399  0.94692161847969591  0.95758809436558656
  0.96825750291353052  0.97890284478281298  0.98943492592717008  1.00000000000000000
   9.2394542046367345E-008  -1.0000000000000000     
 F F F F F F F F
  <DiscreteSampler_grid>
  grouped_processes
  1 # 1 for a reference and 2 for a running grid.
  10 # Attribute 'min_bin_probing_points' of the grid.
  1 # Attribute 'grid_mode' of the grid. 1=='default',2=='initialization'
  0.0000000000000000 # Attribute 'small_contrib_threshold' of the grid.
  0.5000000000000000 # Attribute 'damping_power' of the grid.
 # binID   n_entries weight   weight_sqr   abs_weight
    10   10   3.544799712415110E+005   1.434123602019343E+011   3.544799712415110E+005
  </DiscreteSampler_grid>
