 -0.00653598414133526  0.03498309041118290  0.06023713484232350  0.07988273145331189
  0.09682152962330452  0.11215217251031609  0.12631398378618622  0.13964514530464200
  0.15222543257726312  0.16430052426766925  0.17583134079447596  0.18705076729444417
  0.19785012675529029  0.20842936790399605  0.21866993238092952  0.22873804540513817
  0.23852674514391778  0.24817345427672646  0.25760763389708874  0.26691568393893800
  0.27605862893127275  0.28507443477964572  0.29396828343011949  0.30274649745108306
  0.31144322097444116  0.32003445185349821  0.32854899038676905  0.33697651993620642
  0.34531703402987945  0.35360809734451953  0.36182837490489372  0.37000410194462408
  0.37812769142921099  0.38620025596232377  0.39423223401730834  0.40221033221342273
  0.41015119392647270  0.41806007900483960  0.42593820972142094  0.43379137980913746
  0.44161523674512188  0.44941473818236505  0.45719912296607662  0.46497832084582685
  0.47275000825537195  0.48051175423975956  0.48826240711539387  0.49600800962547070
  0.50375967839808378  0.51150892957835292  0.51925685980346081  0.52701352164673287
  0.53478053263593095  0.54256584282590714  0.55036704862357755  0.55818425679714789
  0.56602145428401296  0.57388135142247776  0.58176341089363237  0.58967920846798494
  0.59762966631772907  0.60561629464102029  0.61365377311378866  0.62172137014642981
  0.62984302072530551  0.63801874839300299  0.64624753781487654  0.65454863201583291
  0.66289645256904051  0.67132643525658653  0.67983041450147175  0.68841295498487143
  0.69710169018957369  0.70588666456800553  0.71479232581508789  0.72381531527765097
  0.73296143012499393  0.74226617155528374  0.75169573590336236  0.76132932730149883
  0.77110764151470257  0.78116193063806794  0.79138541629236503  0.80194235972919647
  0.81272530881668736  0.82394076396070359  0.83547192348696186  0.84751427744222563
  0.86003644691130943  0.87329684922129558  0.88743046296310724  0.90275858448233959
  0.91968897699686103  0.93927698126773751  0.96449928456133815  1.00000000000000000
 -0.00262856892768612  0.00990161697354035  0.02032547416305936  0.03091932020638142
  0.04155913833519970  0.05220022235016905  0.06288026362031222  0.07332574098527486
  0.08370285198804370  0.09413873085539723  0.10459214274116091  0.11509978328372739
  0.12565386908275919  0.13634162785816850  0.14694344453737951  0.15738919566319751
  0.16782441262706133  0.17829483757434564  0.18874188242695075  0.19913138717099127
  0.20953462660525951  0.22003533957293059  0.23056619559745845  0.24108586011805944
  0.25161817163129846  0.26210462318115152  0.27263302415415680  0.28311395933885813
  0.29368278119575902  0.30423318333658311  0.31486646514815608  0.32552747026198636
  0.33611789126232028  0.34658189036290860  0.35693951017183156  0.36735791694213493
  0.37779759080630876  0.38832244689789414  0.39884912981905124  0.40936208072290731
  0.41981984712189835  0.43023533020440008  0.44069469884332335  0.45116920020073309
  0.46160821489841986  0.47204160947204793  0.48246747918144905  0.49292443704399336
  0.50341086457710671  0.51384641537857834  0.52424483560683854  0.53465779017889126
  0.54508091173472417  0.55550079503038485  0.56589792296778241  0.57636893957571467
  0.58690687832985045  0.59749943712196141  0.60800942582883455  0.61857521702643758
  0.62918614623320368  0.63990648125171967  0.65060062068296876  0.66125070802408625
  0.67197160392169553  0.68269651858976388  0.69327599705669252  0.70384067001632100
  0.71436705795551947  0.72492902351658650  0.73547489328402460  0.74601046175155994
  0.75661234058812699  0.76720913609647812  0.77773976972559677  0.78829937461029431
  0.79887001054530882  0.80960021845902952  0.82020522642972693  0.83073460202491567
  0.84123201261832137  0.85181492716767826  0.86242597685653266  0.87295626610489940
  0.88353607399027689  0.89406727758334337  0.90461097833229531  0.91517278088707055
  0.92588298365127975  0.93659103162931179  0.94718933326792676  0.95775698334614123
  0.96830175234542426  0.97887963179869864  0.98943557988672293  1.00000000000000000
   7.5203623352290980E-008  -1.0000000000000000     
 F F F F F F F F
  <DiscreteSampler_grid>
  grouped_processes
  1 # 1 for a reference and 2 for a running grid.
  10 # Attribute 'min_bin_probing_points' of the grid.
  1 # Attribute 'grid_mode' of the grid. 1=='default',2=='initialization'
  0.0000000000000000 # Attribute 'small_contrib_threshold' of the grid.
  0.5000000000000000 # Attribute 'damping_power' of the grid.
 # binID   n_entries weight   weight_sqr   abs_weight
    10   10   2.854502714878650E+005   1.001835344957925E+011   2.854502714878650E+005
  </DiscreteSampler_grid>
