 -0.00651481437944243  0.03513947657632231  0.06036891726645048  0.07996351589088757
  0.09687537941469998  0.11223087103527751  0.12639653864355441  0.13973227774491240
  0.15231248442848008  0.16440073100806171  0.17592832837670436  0.18714022478267181
  0.19792572466973885  0.20850105189083945  0.21872708818062228  0.22878515420835635
  0.23856715457560751  0.24821057521504841  0.25763607176926540  0.26693552838271312
  0.27607777771250808  0.28510031395521923  0.29399749262884345  0.30277965714624638
  0.31147012164757171  0.32005916353895536  0.32857398831808732  0.33701202021193399
  0.34536653243042803  0.35366299896466652  0.36188385469306122  0.37005397186335676
  0.37817120576596852  0.38623243816473385  0.39425943905477018  0.40223873199286708
  0.41018552772686745  0.41810072529540704  0.42598019840127810  0.43383477973633638
  0.44166281091313242  0.44946791588742729  0.45725915505221965  0.46503944096382688
  0.47281002048839932  0.48057691832010802  0.48833039944863021  0.49607745433988043
  0.50382229485079189  0.51156462193572583  0.51930945305614473  0.52706608973594526
  0.53483056589245892  0.54261057451211192  0.55040402869548077  0.55821342907605354
  0.56604373454899370  0.57389947096465310  0.58177970200641393  0.58969377519877964
  0.59764051489435921  0.60561675956410366  0.61364411039926359  0.62170623605080344
  0.62982559072614430  0.63800080709916762  0.64622659421617012  0.65452809644024157
  0.66287747955029785  0.67130974135708910  0.67982304719528874  0.68841596706019392
  0.69711424658195864  0.70590004395749240  0.71480029285925373  0.72382163030963564
  0.73296595484943539  0.74226925132584753  0.75169914854237130  0.76133647915433333
  0.77112500726040822  0.78118410242114200  0.79142886497059528  0.80200559084441936
  0.81281063192655645  0.82401613104993687  0.83552710613934267  0.84755000743977893
  0.86007640525790285  0.87335011794483997  0.88748627911996747  0.90281254031700553
  0.91971871193073684  0.93928973294420059  0.96452598641445719  1.00000000000000000
 -0.00247459792955241  0.00979098643718761  0.01997675463770057  0.03039067475651213
  0.04080271071907694  0.05135043145270300  0.06198234713491078  0.07261737857378772
  0.08327193846047581  0.09387958088788517  0.10447204992208459  0.11494297167875561
  0.12534595448508451  0.13581788943580952  0.14626829458855678  0.15666832382597085
  0.16703921861347662  0.17750835422686637  0.18801056473243327  0.19846882424384621
  0.20895977543314273  0.21956301568700454  0.23015369739993494  0.24075263285193288
  0.25133875208312306  0.26187194470938202  0.27239975236279734  0.28290295911185431
  0.29337926472467202  0.30376698996182355  0.31419100753036033  0.32468794795696326
  0.33512031814706139  0.34564806352201788  0.35628278599714269  0.36700398085818181
  0.37770060780269027  0.38822287027150115  0.39872663443209500  0.40912229446627874
  0.41956876145564298  0.43010221676593369  0.44061118413022099  0.45114725394228761
  0.46164224192050946  0.47221636799163297  0.48267145886733204  0.49315540210801245
  0.50374647841353892  0.51446686038572953  0.52511601779286543  0.53562511467594265
  0.54632424781272038  0.55701183484292316  0.56760953417617865  0.57805420168572275
  0.58849572509248649  0.59902781287697016  0.60954733916800130  0.62007132927503972
  0.63056470080459937  0.64112856536843776  0.65166344570556911  0.66225282990553180
  0.67270358376943129  0.68326136932118897  0.69379676202080964  0.70434192272718843
  0.71480508727718517  0.72526569897472215  0.73573827586656815  0.74622111288923332
  0.75675373313025451  0.76733845410713819  0.77794965458613807  0.78847450356323778
  0.79895403297562395  0.80941392437651083  0.81990732688689483  0.83059952745099286
  0.84129066051078827  0.85198999430355704  0.86246767123219392  0.87297472331830350
  0.88348036020670595  0.89414443112925246  0.90463797353450703  0.91519647638641755
  0.92575788292678285  0.93638033638157703  0.94686845466014502  0.95739910217035951
  0.96802079364648541  0.97871080569711100  0.98932798066409533  1.00000000000000000
   9.2264426732047201E-008  -1.0000000000000000     
 F F F F F F F F
  <DiscreteSampler_grid>
  grouped_processes
  1 # 1 for a reference and 2 for a running grid.
  10 # Attribute 'min_bin_probing_points' of the grid.
  1 # Attribute 'grid_mode' of the grid. 1=='default',2=='initialization'
  0.0000000000000000 # Attribute 'small_contrib_threshold' of the grid.
  0.5000000000000000 # Attribute 'damping_power' of the grid.
 # binID   n_entries weight   weight_sqr   abs_weight
    10   10   3.975643731327609E+005   1.623870616556427E+011   3.975643731327609E+005
  </DiscreteSampler_grid>
