 -0.00648013293293245  0.03497890683562693  0.06017246377033912  0.07980697822100009
  0.09679548039072633  0.11218906648765549  0.12638501071536226  0.13972332948019880
  0.15229765343627102  0.16437810386673452  0.17590778347738079  0.18711832774255857
  0.19789756822616533  0.20846048645594856  0.21868406541367161  0.22874633308177700
  0.23853500888171353  0.24817554310318246  0.25760201964456581  0.26690532103192155
  0.27605750300259146  0.28509121725728015  0.29400332463127732  0.30279545166641852
  0.31149275291129491  0.32007546153475502  0.32857582156559767  0.33699673403292668
  0.34534097650460560  0.35363666439048369  0.36185537224152703  0.37002439744781856
  0.37814040080023553  0.38621103360134579  0.39424259893395475  0.40221763856238163
  0.41015526480793202  0.41806154062540080  0.42593572110510486  0.43378671701894295
  0.44161310654585473  0.44941787233315222  0.45720794502623835  0.46498383148549349
  0.47274879499847339  0.48051052883962658  0.48826591763947869  0.49601497874715472
  0.50375911387427064  0.51150428547885440  0.51924429897145885  0.52699734474827209
  0.53475068659608438  0.54251772758896810  0.55030160480156431  0.55810383341148773
  0.56593315878991424  0.57378795608228861  0.58166615676584765  0.58957967151731117
  0.59752846963489148  0.60551326660887494  0.61354451835344403  0.62160925328624883
  0.62972561463651988  0.63789595384560038  0.64611976752366373  0.65441903378752830
  0.66277288689371616  0.67120886909935251  0.67972503247834870  0.68831787614251283
  0.69701445545697149  0.70580060782994058  0.71470054043564690  0.72372158459383829
  0.73286376078547655  0.74216811087686763  0.75159981394328723  0.76124268090816005
  0.77102746680359824  0.78108713882839798  0.79130659114009694  0.80187173806587808
  0.81266014205594106  0.82389074311837407  0.83542639307411093  0.84749344132831994
  0.86003872311283514  0.87333628050078860  0.88748391363659396  0.90281826681184241
  0.91972764146865493  0.93928066743817706  0.96446588927054100  1.00000000000000000
 -0.00250415294214531  0.00971046041792350  0.01999348192610386  0.03047380919852224
  0.04093145384074469  0.05142993585599535  0.06199873757664710  0.07258768510751117
  0.08300514549340618  0.09338741873550423  0.10378887000945830  0.11427000554191920
  0.12490498751954979  0.13556928138715524  0.14616078914958397  0.15669084532451433
  0.16712995086638552  0.17760474059108369  0.18805966153267492  0.19860213552588402
  0.20915813928218874  0.21970533406862133  0.23024245487468595  0.24078998793337572
  0.25134473064590429  0.26185135993517028  0.27235004954221725  0.28283940488564430
  0.29333314820714829  0.30383164440654653  0.31426415195413593  0.32466703929757890
  0.33513567429600311  0.34565282468337449  0.35616600338301790  0.36670562667783707
  0.37721985355077381  0.38784623389825079  0.39839944994073456  0.40900760052290969
  0.41966289326100914  0.43040333821697380  0.44105695508608234  0.45158356892556045
  0.46212695496733502  0.47267025866649814  0.48323758547862528  0.49365829480269030
  0.50402666791764139  0.51444835856608873  0.52487087335913474  0.53547826786253350
  0.54603269471729776  0.55663482484065263  0.56718457362054764  0.57773941666132855
  0.58824414093375499  0.59873226165118332  0.60925482287135835  0.61977655035473644
  0.63026511820154163  0.64080994881425135  0.65138524983944390  0.66208976457070023
  0.67266976809462287  0.68333474630538016  0.69388580061680361  0.70452033209806475
  0.71514723865583107  0.72573175289463976  0.73634575827536886  0.74694370035390656
  0.75755012702022773  0.76812164369809111  0.77868126076743938  0.78927081912187846
  0.79978637037386702  0.81030275131019391  0.82079376176857854  0.83134531494220576
  0.84206226163135522  0.85265050866507253  0.86322450076866930  0.87352762580336651
  0.88403902185026784  0.89456244879754121  0.90513039584148658  0.91571333277856903
  0.92620817032694658  0.93677266165154027  0.94723866319532513  0.95774939337189025
  0.96826173023054818  0.97877557276046567  0.98938223037798800  1.00000000000000000
   5.8624396130524644E-009  -1.0000000000000000     
 F F F F F F F F
  <DiscreteSampler_grid>
  grouped_processes
  1 # 1 for a reference and 2 for a running grid.
  10 # Attribute 'min_bin_probing_points' of the grid.
  1 # Attribute 'grid_mode' of the grid. 1=='default',2=='initialization'
  0.0000000000000000 # Attribute 'small_contrib_threshold' of the grid.
  0.5000000000000000 # Attribute 'damping_power' of the grid.
 # binID   n_entries weight   weight_sqr   abs_weight
    10   10   5.557573537388987E+004   3.823908945989397E+009   5.557573537388987E+004
  </DiscreteSampler_grid>
