 -0.00633748806742392  0.03498773356233603  0.06018751681040397  0.07977942447080051
  0.09671973748734794  0.11207435092819178  0.12622353704884826  0.13949934874562903
  0.15204202332369754  0.16410645676534252  0.17565807467715749  0.18688740849440819
  0.19769161851171507  0.20826596151222249  0.21850387089217996  0.22857199516917226
  0.23837032927634400  0.24802045050233115  0.25746078248772170  0.26676467656980346
  0.27591446297190342  0.28493881613920025  0.29384672882505031  0.30263403723818594
  0.31132463015193190  0.31990274880352731  0.32839444920250371  0.33681743226934691
  0.34516761939699447  0.35347810273707686  0.36170716624319010  0.36988368768928664
  0.37800236464860248  0.38606811767328680  0.39409768479356255  0.40207804250520890
  0.41002723074850206  0.41794464308170554  0.42582877563665428  0.43368724101414363
  0.44151924474931287  0.44933082680298414  0.45712620563715078  0.46490925607324063
  0.47267706534932874  0.48043822287840182  0.48818689176212787  0.49593566304946257
  0.50368605138543998  0.51143045761382444  0.51917453761497756  0.52692708969935398
  0.53469236817159149  0.54247418407355630  0.55026941151185860  0.55808177115448143
  0.56591529553653430  0.57377501153317967  0.58165890113404739  0.58957696261008630
  0.59752447005800724  0.60549725397314214  0.61351680155692101  0.62157424519236004
  0.62969313076942690  0.63786992894176364  0.64609521216808685  0.65439314004747218
  0.66274605595647396  0.67117960948301825  0.67968574166134776  0.68826660050332722
  0.69695197773518358  0.70572881732256154  0.71462867552172904  0.72364210432646092
  0.73277948359636402  0.74207630311648554  0.75150770557760083  0.76115052385478033
  0.77093588244854594  0.78099460083751682  0.79122268140937235  0.80179194722489810
  0.81257479278839839  0.82377568076898211  0.83527903820634475  0.84732932810546235
  0.85987815182177896  0.87317055755629891  0.88731156656533006  0.90262751887873482
  0.91951596268718205  0.93902624018548619  0.96419831215528862  1.00000000000000000
 -0.00252189755926988  0.00960493937895798  0.01976180729765393  0.03024881527996804
  0.04073406091428845  0.05120896451651456  0.06168424226913091  0.07213678856963228
  0.08264185218676029  0.09317076143278091  0.10378449030913175  0.11419291353653209
  0.12460721537151286  0.13502831012522279  0.14547239710017623  0.15600204365882339
  0.16643800714802620  0.17681634246262953  0.18715010295196399  0.19764870632577097
  0.20822017629092768  0.21880729738362764  0.22932226459581326  0.24004196271863590
  0.25078087072081839  0.26157083907843548  0.27232676909992920  0.28292043773095849
  0.29344405704688059  0.30396341701343471  0.31454014145667680  0.32518359453939361
  0.33581779274070866  0.34645495243103280  0.35713329000805555  0.36772817467240504
  0.37843976656677808  0.38908967421997831  0.39978574095713137  0.41047910891879813
  0.42114287130427802  0.43184547621200292  0.44247155024426532  0.45309416220123538
  0.46364401309109576  0.47423690530181084  0.48475865423418696  0.49532446690767573
  0.50582828146908787  0.51634757500785522  0.52690296938233683  0.53754005947232952
  0.54820010664403540  0.55880375863838838  0.56938637467426600  0.58004992057968374
  0.59058617977399064  0.60109138678893037  0.61159220993599051  0.62216963496813904
  0.63265610363327474  0.64311280981506913  0.65355784039773213  0.66407775444190853
  0.67453781085910547  0.68504429191478844  0.69555102828017568  0.70603929928397302
  0.71639614489924974  0.72681378052791246  0.73730254610551271  0.74784219228655913
  0.75835298683410013  0.76885311742337747  0.77935310693395776  0.78988851339249866
  0.80039404728086738  0.81092970404975528  0.82147126701960593  0.83200888122148264
  0.84258850728001067  0.85308096642832887  0.86370129898465342  0.87427383804326420
  0.88488322016806198  0.89547666921483549  0.90606921279570485  0.91653897746303870
  0.92688636167321314  0.93717534432646910  0.94755307729763660  0.95796609657390897
  0.96844401797107749  0.97892481100823414  0.98944443401931903  1.00000000000000000
   9.2265920457471723E-008  -1.0000000000000000     
 F F F F F F F F
  <DiscreteSampler_grid>
  grouped_processes
  1 # 1 for a reference and 2 for a running grid.
  10 # Attribute 'min_bin_probing_points' of the grid.
  1 # Attribute 'grid_mode' of the grid. 1=='default',2=='initialization'
  0.0000000000000000 # Attribute 'small_contrib_threshold' of the grid.
  0.5000000000000000 # Attribute 'damping_power' of the grid.
 # binID   n_entries weight   weight_sqr   abs_weight
    10   10   3.603396289650768E+005   1.399841013325351E+011   3.603396289650768E+005
  </DiscreteSampler_grid>
