 -0.00633233151367020  0.03499717011334315  0.06021534966127277  0.07984167562537449
  0.09677724589796903  0.11213061925842478  0.12628276556080970  0.13959175855205838
  0.15215798015083770  0.16424368818015747  0.17579596402219261  0.18701723082961649
  0.19780362256992184  0.20836956004532944  0.21860348843264524  0.22867185147533250
  0.23846541013654921  0.24811431583364596  0.25754943597974955  0.26685362568814391
  0.27599338938026557  0.28501217384971350  0.29391548449206040  0.30270769989823526
  0.31141042104899469  0.31999849127951002  0.32850594194612864  0.33693412240132437
  0.34528518045746548  0.35358712442919976  0.36181421433049737  0.36999056366651706
  0.37810640015008684  0.38616892828610189  0.39419348841251556  0.40217045104035348
  0.41011298720967476  0.41802328028472108  0.42590362247968211  0.43376559286135385
  0.44160644528922721  0.44942433407449639  0.45721880427741818  0.46499278095169400
  0.47275256131410393  0.48050475787509583  0.48825330893069641  0.49599959618344425
  0.50375054934402852  0.51150403262943678  0.51925753899009774  0.52701863170723195
  0.53478468146749480  0.54256724699074599  0.55036462399329855  0.55817826331731846
  0.56601147667445206  0.57386765887959967  0.58174649848214333  0.58965957963838933
  0.59760671723957692  0.60558676564098834  0.61361962380329571  0.62168509039275477
  0.62979815762328661  0.63796644988903850  0.64618456007501701  0.65448273064848195
  0.66283436322356748  0.67126625169355725  0.67977685761285167  0.68836441629188305
  0.69705715769202448  0.70583953049452086  0.71474317127114706  0.72376760823562070
  0.73291901847597551  0.74222848851639711  0.75166509060896447  0.76130770058530173
  0.77109239270945251  0.78114380562176478  0.79136657683331280  0.80192466571801491
  0.81270690818785152  0.82391538238804329  0.83544504922458374  0.84751352636111665
  0.86007385428362415  0.87335934396068060  0.88749246126745351  0.90280104209661993
  0.91969606348787569  0.93922420972373588  0.96437670584806845  1.00000000000000000
 -0.00255251406717723  0.00995945461663335  0.02028425033633112  0.03074618965590658
  0.04122190662251757  0.05175481021077495  0.06232811313145960  0.07284569845982405
  0.08336641760931104  0.09389220656870238  0.10436543358661789  0.11486826759738247
  0.12538436803902656  0.13582323721598566  0.14627135259906046  0.15680110751864093
  0.16727769225502340  0.17782152764681405  0.18826084987975419  0.19886953039444505
  0.20949710669119609  0.22013349785637995  0.23075609920400858  0.24129732384594127
  0.25191002390952533  0.26258792985286983  0.27323090379826059  0.28380526562508768
  0.29436088787085229  0.30495707246168530  0.31556193539160127  0.32618792620654086
  0.33673633925526408  0.34730792398005750  0.35780796125477810  0.36832822813654315
  0.37880995519160304  0.38928351973228631  0.39979418845107956  0.41025207292246296
  0.42075129006071965  0.43123252728190015  0.44174098284222518  0.45231151327491115
  0.46276663751822389  0.47327522160596175  0.48368268717173707  0.49416018413204271
  0.50464530345189107  0.51504806069970110  0.52547885563213659  0.53589010945613413
  0.54634978587910443  0.55674710373470593  0.56715059985190663  0.57752690994720957
  0.58794569671645491  0.59846740216491079  0.60903537845833722  0.61969866860944711
  0.63034114969034971  0.64091519985072432  0.65143135644401839  0.66192547431840421
  0.67261419914345588  0.68334201389041216  0.69404714847079318  0.70481715918728582
  0.71550008399241660  0.72616634194378560  0.73674130001348492  0.74726951992002766
  0.75775021180821200  0.76819835627754696  0.77869071663537315  0.78925548820610958
  0.79983074200117110  0.81032835199216113  0.82067537873948071  0.83115436502567475
  0.84180254861402981  0.85256594776529904  0.86318727323570044  0.87364646779179322
  0.88422180449692300  0.89471826765119855  0.90526888373292491  0.91580794832006429
  0.92631662287945016  0.93691589115909912  0.94739948480124669  0.95790699169173577
  0.96843090777980412  0.97897065633195623  0.98953254642129285  1.00000000000000000
   2.0353740446804549E-007  -1.0000000000000000     
 F F F F F F F F
  <DiscreteSampler_grid>
  grouped_processes
  1 # 1 for a reference and 2 for a running grid.
  10 # Attribute 'min_bin_probing_points' of the grid.
  1 # Attribute 'grid_mode' of the grid. 1=='default',2=='initialization'
  0.0000000000000000 # Attribute 'small_contrib_threshold' of the grid.
  0.5000000000000000 # Attribute 'damping_power' of the grid.
 # binID   n_entries weight   weight_sqr   abs_weight
    10   10   2.070401697701725E+005   5.111745955540102E+010   2.070401697701725E+005
  </DiscreteSampler_grid>
