 -0.00614548879403655  0.03490173806657818  0.06013576498670451  0.07977462691382370
  0.09672688592192363  0.11210296560778993  0.12628683703925189  0.13961420090953136
  0.15217138398868671  0.16423213548156868  0.17576126043182161  0.18698597393222344
  0.19777913755696472  0.20834612999754742  0.21856144447642073  0.22860659709169992
  0.23839077074038267  0.24803901193584818  0.25748006933099288  0.26677895503463733
  0.27591976886066671  0.28493851512505830  0.29385060397529811  0.30264699969596431
  0.31135920270994244  0.31995957878725900  0.32848121730883667  0.33691913219083042
  0.34526610710478595  0.35356109120815260  0.36178301366899118  0.36996151735275995
  0.37809158514992475  0.38616480099915884  0.39419652417123940  0.40217223610686287
  0.41011290392751437  0.41802302617854054  0.42589907288313800  0.43375085248611572
  0.44157906204100916  0.44938621141438206  0.45717699771021197  0.46495357031904661
  0.47271863720300727  0.48048224203256057  0.48823644747550127  0.49598200267859438
  0.50371989610777024  0.51146400105141732  0.51921227310058005  0.52697666907099350
  0.53474440434159931  0.54252185893101035  0.55031547671754322  0.55812723003201370
  0.56596207608672222  0.57381790517727616  0.58168928246675211  0.58959304330976048
  0.59753368047302569  0.60551112806647067  0.61354546132125298  0.62161067327428088
  0.62971441353158020  0.63787164576651167  0.64607423310495071  0.65435999784589594
  0.66270260274553816  0.67112736518596772  0.67963955837863332  0.68823267191649162
  0.69693395286185966  0.70572675028160936  0.71463519860992897  0.72366317389000501
  0.73281440722195335  0.74212450773823091  0.75156228817311166  0.76120769320222492
  0.77099534875410214  0.78105144354588596  0.79127199572708895  0.80182477359842863
  0.81260108146154109  0.82379728375671091  0.83530602169522883  0.84735506575655617
  0.85989742064673724  0.87318385949953459  0.88731536844919201  0.90263008235047071
  0.91951353268554326  0.93908302926611809  0.96430598123570310  1.00000000000000000
 -0.00260656968801978  0.00968277183156676  0.01993343125258695  0.03053292290210086
  0.04108715125551821  0.05162617781577879  0.06211584358230754  0.07263776141955723
  0.08320679211175760  0.09373398731480377  0.10421947793310460  0.11464969679280752
  0.12510849810445165  0.13557626118518962  0.14601256148475183  0.15641603242899979
  0.16685166967257625  0.17723862331355816  0.18762808394413627  0.19808461954538331
  0.20861726672473080  0.21914986676626749  0.22962658538667652  0.24012861835941307
  0.25065125487249373  0.26133812542455065  0.27207300591611433  0.28284696947499927
  0.29350057239633043  0.30412232591349664  0.31470573265761181  0.32518198106355262
  0.33562507487597099  0.34610988799195136  0.35660534772414326  0.36711414425259031
  0.37763130810795487  0.38811249004663101  0.39856526719725782  0.40908911975151202
  0.41964515311359973  0.43023906155553421  0.44077632114499227  0.45137831929988320
  0.46191079375290089  0.47236195896659189  0.48285084651171167  0.49326549326390645
  0.50360016968182253  0.51392217332175094  0.52435862027929392  0.53491108974188450
  0.54543580732908203  0.55604148213858173  0.56668867715173077  0.57735888939176216
  0.58788941969987374  0.59836113875918628  0.60889847623866600  0.61948088825926584
  0.63005687520397713  0.64056032585106670  0.65111039847282060  0.66165682457196617
  0.67222666586745905  0.68280376380036101  0.69345535670045022  0.70410417981795559
  0.71474941010010662  0.72536784526223907  0.73596291175341144  0.74651017569740596
  0.75700437523572006  0.76750000736030499  0.77797399206565199  0.78843523199946164
  0.79893459867695804  0.80947481246738984  0.81994818044809281  0.83040859242232623
  0.84096128082443822  0.85159835392943062  0.86211734521638650  0.87264891398946531
  0.88329979673233228  0.89398698359433726  0.90448635461010052  0.91502327836163544
  0.92561960648608532  0.93629722605226262  0.94687208429534520  0.95749166687933296
  0.96808274345066148  0.97866301362860109  0.98929678248016018  1.00000000000000000
   5.1540010499454050E-008  -1.0000000000000000     
 F F F F F F F F
  <DiscreteSampler_grid>
  grouped_processes
  1 # 1 for a reference and 2 for a running grid.
  10 # Attribute 'min_bin_probing_points' of the grid.
  1 # Attribute 'grid_mode' of the grid. 1=='default',2=='initialization'
  0.0000000000000000 # Attribute 'small_contrib_threshold' of the grid.
  0.5000000000000000 # Attribute 'damping_power' of the grid.
 # binID   n_entries weight   weight_sqr   abs_weight
    10   10   4.558666157643970E+005   2.326830165884860E+011   4.558666157643970E+005
  </DiscreteSampler_grid>
