 -0.00614548879403655  0.03490173806657818  0.06013576498670452  0.07977462691382371
  0.09672688592192365  0.11210296560778993  0.12628683703925192  0.13961420090953133
  0.15217138398868668  0.16423213548156865  0.17576126043182161  0.18698597393222338
  0.19777913755696472  0.20834612999754740  0.21856144447642070  0.22860659709169989
  0.23839077074038265  0.24803901193584815  0.25748006933099282  0.26677895503463733
  0.27591976886066666  0.28493851512505824  0.29385060397529811  0.30264699969596426
  0.31135920270994244  0.31995957878725895  0.32848121730883656  0.33691913219083042
  0.34526610710478589  0.35356109120815249  0.36178301366899118  0.36996151735275995
  0.37809158514992464  0.38616480099915873  0.39419652417123935  0.40217223610686281
  0.41011290392751437  0.41802302617854048  0.42589907288313789  0.43375085248611567
  0.44157906204100905  0.44938621141438201  0.45717699771021192  0.46495357031904649
  0.47271863720300722  0.48048224203256046  0.48823644747550116  0.49598200267859427
  0.50371989610777024  0.51146400105141732  0.51921227310057994  0.52697666907099339
  0.53474440434159920  0.54252185893101024  0.55031547671754311  0.55812723003201359
  0.56596207608672211  0.57381790517727604  0.58168928246675200  0.58959304330976037
  0.59753368047302569  0.60551112806647056  0.61354546132125276  0.62161067327428088
  0.62971441353158009  0.63787164576651156  0.64607423310495071  0.65435999784589582
  0.66270260274553805  0.67112736518596761  0.67963955837863321  0.68823267191649151
  0.69693395286185955  0.70572675028160914  0.71463519860992875  0.72366317389000478
  0.73281440722195323  0.74212450773823069  0.75156228817311144  0.76120769320222481
  0.77099534875410203  0.78105144354588574  0.79127199572708873  0.80182477359842841
  0.81260108146154086  0.82379728375671069  0.83530602169522861  0.84735506575655595
  0.85989742064673713  0.87318385949953425  0.88731536844919179  0.90263008235047038
  0.91951353268554292  0.93908302926611764  0.96430598123570255  1.00000000000000000
 -0.00260656968801978  0.00968277183156675  0.01993343125258694  0.03053292290210084
  0.04108715125551817  0.05162617781577875  0.06211584358230750  0.07263776141955718
  0.08320679211175754  0.09373398731480372  0.10421947793310453  0.11464969679280744
  0.12510849810445157  0.13557626118518953  0.14601256148475175  0.15641603242899971
  0.16685166967257614  0.17723862331355805  0.18762808394413619  0.19808461954538317
  0.20861726672473066  0.21914986676626735  0.22962658538667638  0.24012861835941290
  0.25065125487249362  0.26133812542455048  0.27207300591611422  0.28284696947499910
  0.29350057239633026  0.30412232591349653  0.31470573265761159  0.32518198106355251
  0.33562507487597082  0.34610988799195119  0.35660534772414310  0.36711414425259009
  0.37763130810795464  0.38811249004663084  0.39856526719725766  0.40908911975151185
  0.41964515311359957  0.43023906155553404  0.44077632114499204  0.45137831929988298
  0.46191079375290062  0.47236195896659161  0.48285084651171145  0.49326549326390623
  0.50360016968182231  0.51392217332175061  0.52435862027929381  0.53491108974188417
  0.54543580732908181  0.55604148213858151  0.56668867715173055  0.57735888939176183
  0.58788941969987341  0.59836113875918606  0.60889847623866555  0.61948088825926551
  0.63005687520397680  0.64056032585106648  0.65111039847282026  0.66165682457196584
  0.67222666586745872  0.68280376380036067  0.69345535670044978  0.70410417981795526
  0.71474941010010618  0.72536784526223863  0.73596291175341122  0.74651017569740552
  0.75700437523571962  0.76750000736030466  0.77797399206565154  0.78843523199946119
  0.79893459867695760  0.80947481246738950  0.81994818044809237  0.83040859242232579
  0.84096128082443788  0.85159835392943017  0.86211734521638606  0.87264891398946487
  0.88329979673233183  0.89398698359433670  0.90448635461010007  0.91502327836163500
  0.92561960648608488  0.93629722605226218  0.94687208429534475  0.95749166687933240
  0.96808274345066103  0.97866301362860064  0.98929678248015951  1.00000000000000000
   2.4133441774053146E-007  -1.0000000000000000     
 F F F F F F F F
  <DiscreteSampler_grid>
  grouped_processes
  1 # 1 for a reference and 2 for a running grid.
  10 # Attribute 'min_bin_probing_points' of the grid.
  1 # Attribute 'grid_mode' of the grid. 1=='default',2=='initialization'
  0.0000000000000000 # Attribute 'small_contrib_threshold' of the grid.
  0.5000000000000000 # Attribute 'damping_power' of the grid.
 # binID   n_entries weight   weight_sqr   abs_weight
    10   10   1.946398412323830E+005   4.241823473004756E+010   1.946398412323830E+005
  </DiscreteSampler_grid>
