 -0.00609268689598019  0.03485621118948810  0.06007813279258238  0.07972382849769824
  0.09670616608615758  0.11210047790066206  0.12628493295274085  0.13963319628333437
  0.15220121876227732  0.16428075616448429  0.17581303621959213  0.18702938094550103
  0.19781323537195838  0.20836978998951489  0.21859284291750133  0.22862880486871587
  0.23839790464420976  0.24802722120923273  0.25746072750888727  0.26676668010614929
  0.27591864300508123  0.28494554794638566  0.29385171105332325  0.30263664046103850
  0.31133611208712697  0.31993665429328361  0.32845699501329378  0.33690135564607332
  0.34525599132369122  0.35356029414849438  0.36179121840877526  0.36997223805368429
  0.37809417376482080  0.38615227665358565  0.39417359573839816  0.40215156114508915
  0.41010389861628233  0.41802915095704241  0.42592055295573550  0.43378576501062494
  0.44162593685420126  0.44944523704946676  0.45724866897590621  0.46503567179221755
  0.47280749676501976  0.48056980226285273  0.48832428173328157  0.49607407260189895
  0.50381691377211346  0.51156159449006045  0.51930293472739153  0.52705256830525360
  0.53480895525642846  0.54258439859539775  0.55038555354594820  0.55820614897270815
  0.56604653674416627  0.57390797646160419  0.58179062246328339  0.58970461364307236
  0.59764918204363737  0.60562455196924447  0.61364958562551120  0.62171913719586958
  0.62984156166506755  0.63801808207805055  0.64623842888835237  0.65452779290078289
  0.66287186094888850  0.67130142276216342  0.67981381096401594  0.68839902290982458
  0.69708629353673501  0.70586649518922251  0.71476820653159057  0.72379330084253723
  0.73294247258227518  0.74225163473759792  0.75168186933927816  0.76131205465549634
  0.77108109768651489  0.78112570132304671  0.79134934229191123  0.80190932806292159
  0.81269258439728242  0.82390315915957235  0.83543711205502025  0.84750711018215852
  0.86006441021580193  0.87336395509640785  0.88752413031076072  0.90287982519662480
  0.91980562475375105  0.93932886888382705  0.96443422990591787  1.00000000000000000
 -0.00247375415354353  0.00941413391411536  0.01949575176125350  0.02985223206096955
  0.04035982200533326  0.05092726228572236  0.06150467820588925  0.07203387351747477
  0.08259331121175248  0.09317316894754003  0.10375771878744820  0.11442599063939043
  0.12510354778450145  0.13557443896662835  0.14610742898186996  0.15673997822960267
  0.16744895634166848  0.17798018375846417  0.18837402491461333  0.19881556799952249
  0.20912798423055939  0.21955828551685308  0.22995363219854989  0.24044232507425470
  0.25089487519884013  0.26129857459445566  0.27171043256091676  0.28215566338962367
  0.29264801389120981  0.30321622011786215  0.31369377654742048  0.32441940945236453
  0.33502419007805001  0.34552959108427717  0.35598579110497042  0.36657256271062694
  0.37718508518579275  0.38770037632109472  0.39828648102952685  0.40897366684327230
  0.41960707295395422  0.43006289314539486  0.44046928296073423  0.45092902195269685
  0.46140610584820169  0.47206702744592161  0.48265390670138131  0.49327183525555807
  0.50378404559576107  0.51427005302424689  0.52472864115261864  0.53507304358423535
  0.54557982536372596  0.55617525893241082  0.56673265960874086  0.57728664795740114
  0.58789497373754962  0.59855759251458474  0.60910604518314704  0.61957129349767859
  0.63007194964896163  0.64060212521317683  0.65105452311765988  0.66156316814138838
  0.67205223634297417  0.68252802931509948  0.69290576241871160  0.70331641786326027
  0.71384959458194530  0.72439592660350671  0.73504236664302736  0.74571768492485946
  0.75630240303620244  0.76677181916587556  0.77730031180927128  0.78786952676555322
  0.79844919715675633  0.80895319085903394  0.81955168269348155  0.83020419722761329
  0.84093640757099353  0.85161918096098954  0.86222906793491449  0.87269918615886377
  0.88313593435272220  0.89362844789584039  0.90410998107111284  0.91464831123802770
  0.92521835575665223  0.93576859068331952  0.94642943782815725  0.95708232550031158
  0.96788176927193204  0.97861963430387788  0.98930291643859725  1.00000000000000000
   6.9782770445674081E-009  -1.0000000000000000     
 F F F F F F F F
  <DiscreteSampler_grid>
  grouped_processes
  1 # 1 for a reference and 2 for a running grid.
  10 # Attribute 'min_bin_probing_points' of the grid.
  1 # Attribute 'grid_mode' of the grid. 1=='default',2=='initialization'
  0.0000000000000000 # Attribute 'small_contrib_threshold' of the grid.
  0.5000000000000000 # Attribute 'damping_power' of the grid.
 # binID   n_entries weight   weight_sqr   abs_weight
    10   10   4.146853593619394E+004   2.268856706844457E+009   4.146853593619394E+004
  </DiscreteSampler_grid>
