 -0.00633233151367020  0.03499717011334315  0.06021534966127278  0.07984167562537450
  0.09677724589796904  0.11213061925842480  0.12628276556080970  0.13959175855205838
  0.15215798015083773  0.16424368818015747  0.17579596402219264  0.18701723082961649
  0.19780362256992187  0.20836956004532942  0.21860348843264524  0.22867185147533248
  0.23846541013654921  0.24811431583364596  0.25754943597974961  0.26685362568814391
  0.27599338938026552  0.28501217384971356  0.29391548449206040  0.30270769989823526
  0.31141042104899469  0.31999849127951008  0.32850594194612859  0.33693412240132437
  0.34528518045746548  0.35358712442919976  0.36181421433049737  0.36999056366651706
  0.37810640015008684  0.38616892828610189  0.39419348841251556  0.40217045104035348
  0.41011298720967476  0.41802328028472108  0.42590362247968211  0.43376559286135385
  0.44160644528922721  0.44942433407449633  0.45721880427741818  0.46499278095169400
  0.47275256131410387  0.48050475787509578  0.48825330893069646  0.49599959618344419
  0.50375054934402852  0.51150403262943667  0.51925753899009774  0.52701863170723195
  0.53478468146749492  0.54256724699074599  0.55036462399329866  0.55817826331731846
  0.56601147667445195  0.57386765887959967  0.58174649848214333  0.58965957963838933
  0.59760671723957681  0.60558676564098823  0.61361962380329560  0.62168509039275477
  0.62979815762328661  0.63796644988903850  0.64618456007501690  0.65448273064848206
  0.66283436322356737  0.67126625169355725  0.67977685761285156  0.68836441629188316
  0.69705715769202437  0.70583953049452075  0.71474317127114706  0.72376760823562059
  0.73291901847597551  0.74222848851639700  0.75166509060896436  0.76130770058530173
  0.77109239270945251  0.78114380562176478  0.79136657683331280  0.80192466571801491
  0.81270690818785163  0.82391538238804329  0.83544504922458374  0.84751352636111654
  0.86007385428362404  0.87335934396068071  0.88749246126745340  0.90280104209661993
  0.91969606348787569  0.93922420972373588  0.96437670584806845  1.00000000000000000
 -0.00255251406717722  0.00995945461663334  0.02028425033633111  0.03074618965590656
  0.04122190662251755  0.05175481021077493  0.06232811313145958  0.07284569845982403
  0.08336641760931103  0.09389220656870235  0.10436543358661786  0.11486826759738245
  0.12538436803902653  0.13582323721598566  0.14627135259906049  0.15680110751864093
  0.16727769225502340  0.17782152764681405  0.18826084987975419  0.19886953039444508
  0.20949710669119606  0.22013349785637995  0.23075609920400855  0.24129732384594127
  0.25191002390952533  0.26258792985286983  0.27323090379826065  0.28380526562508773
  0.29436088787085235  0.30495707246168535  0.31556193539160132  0.32618792620654091
  0.33673633925526414  0.34730792398005750  0.35780796125477815  0.36832822813654326
  0.37880995519160304  0.38928351973228642  0.39979418845107961  0.41025207292246307
  0.42075129006071971  0.43123252728190020  0.44174098284222524  0.45231151327491115
  0.46276663751822394  0.47327522160596186  0.48368268717173712  0.49416018413204282
  0.50464530345189096  0.51504806069970110  0.52547885563213659  0.53589010945613413
  0.54634978587910443  0.55674710373470604  0.56715059985190652  0.57752690994720957
  0.58794569671645502  0.59846740216491079  0.60903537845833733  0.61969866860944711
  0.63034114969034971  0.64091519985072443  0.65143135644401851  0.66192547431840432
  0.67261419914345588  0.68334201389041227  0.69404714847079330  0.70481715918728594
  0.71550008399241671  0.72616634194378571  0.73674130001348492  0.74726951992002777
  0.75775021180821200  0.76819835627754707  0.77869071663537326  0.78925548820610958
  0.79983074200117110  0.81032835199216124  0.82067537873948082  0.83115436502567475
  0.84180254861403003  0.85256594776529915  0.86318727323570066  0.87364646779179334
  0.88422180449692311  0.89471826765119866  0.90526888373292513  0.91580794832006440
  0.92631662287945027  0.93691589115909923  0.94739948480124681  0.95790699169173588
  0.96843090777980434  0.97897065633195635  0.98953254642129296  1.00000000000000000
   4.1004800442782489E-009  -1.0000000000000000     
 F F F F F F F F
  <DiscreteSampler_grid>
  grouped_processes
  1 # 1 for a reference and 2 for a running grid.
  10 # Attribute 'min_bin_probing_points' of the grid.
  1 # Attribute 'grid_mode' of the grid. 1=='default',2=='initialization'
  0.0000000000000000 # Attribute 'small_contrib_threshold' of the grid.
  0.5000000000000000 # Attribute 'damping_power' of the grid.
 # binID   n_entries weight   weight_sqr   abs_weight
    10   10   3.987678777177109E+004   1.896270835825385E+009   3.987678777177109E+004
  </DiscreteSampler_grid>
