 -0.00614457541647876  0.03515744518588615  0.06044009841171121  0.08010851254943735
  0.09705402901638301  0.11238245722941197  0.12654734176315685  0.13988078217160327
  0.15244489157177218  0.16449638808827108  0.17600538030175078  0.18719821624016117
  0.19798464757695167  0.20854347094646303  0.21875869169177878  0.22880074476421919
  0.23855074396174480  0.24817400382519447  0.25759102142822637  0.26690141313910221
  0.27605005934344928  0.28507821578858633  0.29399433871158609  0.30279169442591980
  0.31148492182215143  0.32006353754068700  0.32856956184169439  0.33699590724024897
  0.34532905095871524  0.35360536813028987  0.36180920608084843  0.36996530599944566
  0.37806054145140344  0.38610545515414058  0.39412424841595384  0.40211302181660680
  0.41007644512489194  0.41800657032859950  0.42590269821475241  0.43377326608396249
  0.44161343963857486  0.44942547632014529  0.45721686824238617  0.46499672176403284
  0.47276751850275495  0.48053660604272824  0.48829639140135928  0.49605334955556396
  0.50379312599921067  0.51153532118488676  0.51927873222048404  0.52704372415667500
  0.53481627194578640  0.54260807878449691  0.55041140243990372  0.55822756572717269
  0.56606037443625978  0.57391455002375125  0.58179589729308701  0.58971494810082214
  0.59767261803611293  0.60566793812651154  0.61370987345029093  0.62178341007906113
  0.62990425892456281  0.63807969336379944  0.64630914013026441  0.65462027856898486
  0.66298486007603852  0.67143302462156451  0.67994682988064326  0.68853211374090528
  0.69723054735083489  0.70602599964911883  0.71495011632910987  0.72398353829945128
  0.73313827163699419  0.74242707778193073  0.75184014449090919  0.76142686402787729
  0.77116970793702111  0.78118855939088372  0.79140186566213722  0.80195516933785227
  0.81273578209012620  0.82395269736967425  0.83550443026782140  0.84754275597531936
  0.86005927569743867  0.87330043955111558  0.88745184900650387  0.90275796576169121
  0.91965267406060547  0.93916220941850992  0.96434709109520211  1.00000000000000000
 -0.00255364717246428  0.00959546834354126  0.01979106342410258  0.03043784151599997
  0.04112061038884465  0.05174358152668638  0.06242547982192338  0.07289627358215554
  0.08348840036517742  0.09396017037390955  0.10448368433274231  0.11489296225844139
  0.12512402583316670  0.13549577534852497  0.14580978422686874  0.15610440020374367
  0.16640218294177478  0.17687046521361843  0.18733915217507741  0.19794493776809108
  0.20842217609198124  0.21916918561453580  0.22978631001075955  0.24037497904512939
  0.25109107162251543  0.26169925099942348  0.27234888881847069  0.28277947230782369
  0.29326417588690878  0.30367595423517313  0.31423049042307605  0.32492325506089426
  0.33556030184790780  0.34585572869646913  0.35620872765233430  0.36662355820459225
  0.37711769030575332  0.38740578531960596  0.39758700958637627  0.40803034315950659
  0.41833658154886910  0.42891606118521663  0.43954094396234811  0.45037287550065375
  0.46111788923001967  0.47171304218782811  0.48222117351170690  0.49259626941800305
  0.50295829413531978  0.51332616023083721  0.52372245797276362  0.53408020322071559
  0.54450510833433663  0.55498960805831032  0.56553117857835078  0.57610446897879197
  0.58658070465971424  0.59710690260075749  0.60761595653295630  0.61821169984363133
  0.62871325972824266  0.63926538143184264  0.64982872555807658  0.66046245692822769
  0.67109002190487155  0.68165638227178482  0.69217257530816223  0.70255061199681235
  0.71304838171484897  0.72351193692819027  0.73410915744161453  0.74467068384924895
  0.75525893284953571  0.76591224259686785  0.77654379987459876  0.78718542288560445
  0.79778490634507471  0.80830174023098034  0.81888325828314068  0.82948126538545042
  0.84005038303045820  0.85060730112850258  0.86109880431508701  0.87174068608500832
  0.88227001841139296  0.89273700433391179  0.90324287789951474  0.91377254658383222
  0.92456076531665610  0.93533412777984504  0.94624899083938585  0.95710146150176989
  0.96786073077462176  0.97854613857784978  0.98924136742136581  1.00000000000000000
   2.0660737113676698E-007  -1.0000000000000000     
 F F F F F F F F
  <DiscreteSampler_grid>
  grouped_processes
  1 # 1 for a reference and 2 for a running grid.
  10 # Attribute 'min_bin_probing_points' of the grid.
  1 # Attribute 'grid_mode' of the grid. 1=='default',2=='initialization'
  0.0000000000000000 # Attribute 'small_contrib_threshold' of the grid.
  0.5000000000000000 # Attribute 'damping_power' of the grid.
 # binID   n_entries weight   weight_sqr   abs_weight
    10   10   3.989119834834851E+005   2.060523773001907E+011   3.989119834834851E+005
  </DiscreteSampler_grid>
