 -0.00621418889281032  0.03492409015013601  0.06011208173159813  0.07973667595979089
  0.09670281898735003  0.11207954671312427  0.12626795329981735  0.13961389060935187
  0.15218139188512450  0.16425329259486154  0.17577599640007743  0.18697801787447249
  0.19775909161745098  0.20832740752323631  0.21856118909873060  0.22862377295290950
  0.23840715352546510  0.24804939725892994  0.25748242719427833  0.26679147628846700
  0.27593860560667294  0.28496422199582905  0.29387469995337112  0.30266625150340426
  0.31136922103456127  0.31995500772212876  0.32846606532931200  0.33689171833100506
  0.34523208065330419  0.35351665440061747  0.36172963544937925  0.36989853145150475
  0.37802056185273408  0.38609062803890892  0.39412442039008733  0.40210890906675600
  0.41005918011660630  0.41797476883818191  0.42585290568769663  0.43370623978478900
  0.44153354260015343  0.44933809109398731  0.45712708077314412  0.46490275691745303
  0.47266571144595432  0.48042653512002187  0.48818129230712515  0.49593430849564202
  0.50368196549904432  0.51142693806283535  0.51917754299883256  0.52694143362227486
  0.53470940853356941  0.54248610613682391  0.55027545940646161  0.55808364408054656
  0.56591446185522476  0.57377207884552883  0.58165296088036089  0.58956553206004048
  0.59751022918099461  0.60548422186225492  0.61350488630893074  0.62155705389636329
  0.62965826138730729  0.63781492713015497  0.64602398735817035  0.65431464944859985
  0.66266027771389258  0.67109102114006969  0.67960252316210423  0.68819421901563704
  0.69689021975719900  0.70567590543248238  0.71457149698214195  0.72358722710292078
  0.73272154811777301  0.74201869002437471  0.75144255543488292  0.76107993341537328
  0.77085928663315151  0.78091297683931948  0.79113352187399744  0.80169975917856084
  0.81248545271445227  0.82370108488747806  0.83522547351588150  0.84728988212798118
  0.85984418670940632  0.87313236753556400  0.88726908027159268  0.90258471280212427
  0.91947720921871234  0.93899574752421988  0.96418243803970904  1.00000000000000000
 -0.00239786457098864  0.00943164894867583  0.01953258037060112  0.03012053055301877
  0.04065883548910632  0.05110138358191214  0.06149775618674662  0.07200932803877816
  0.08255095589846173  0.09309742118631337  0.10361627241892032  0.11405650290757412
  0.12452554334835542  0.13496194216036619  0.14543041689984479  0.15588211242720615
  0.16637506510562144  0.17692611214520526  0.18746793426430453  0.19802942364808146
  0.20854422675244014  0.21906813980374518  0.22958161159828799  0.24023179049165896
  0.25088080236757543  0.26149969284171842  0.27213867933907743  0.28278381820470450
  0.29347510917008712  0.30415060469799649  0.31471743125374441  0.32530403234193755
  0.33576603990430842  0.34626023953071233  0.35670767652478891  0.36724127649192728
  0.37773519085585849  0.38832869724276459  0.39890007709299946  0.40950442525511876
  0.41997865388943095  0.43037965557113078  0.44076531840956734  0.45117641732478769
  0.46161940283343555  0.47213924344842068  0.48254365740814859  0.49307940022820773
  0.50359627847941935  0.51427230437530802  0.52486210934466104  0.53547883419335518
  0.54615471705862284  0.55692810617038047  0.56764349100093392  0.57824716467543136
  0.58878815709372812  0.59939687179942747  0.61000529784662072  0.62054418259124122
  0.63103895188524328  0.64157903551416051  0.65213927463208721  0.66268811457682086
  0.67327375699011993  0.68383376598753742  0.69432675081754580  0.70472609206814318
  0.71525715619845787  0.72582852157364075  0.73642636649754489  0.74696045334801309
  0.75750799494301269  0.76814213787564811  0.77880592451592712  0.78951714928286676
  0.80014375899390355  0.81070955105963749  0.82134315314600970  0.83199726069839230
  0.84268156341993095  0.85333523019328383  0.86397456060385092  0.87458459913061004
  0.88510743033629047  0.89562527039819206  0.90604976961481476  0.91660501790606919
  0.92714905202635123  0.93766523141067049  0.94806560918908556  0.95838313194341063
  0.96881714908664573  0.97922123361821256  0.98964072040832274  1.00000000000000000
   7.9371442324121265E-008  -1.0000000000000000     
 F F F F F F F F
  <DiscreteSampler_grid>
  grouped_processes
  1 # 1 for a reference and 2 for a running grid.
  10 # Attribute 'min_bin_probing_points' of the grid.
  1 # Attribute 'grid_mode' of the grid. 1=='default',2=='initialization'
  0.0000000000000000 # Attribute 'small_contrib_threshold' of the grid.
  0.5000000000000000 # Attribute 'damping_power' of the grid.
 # binID   n_entries weight   weight_sqr   abs_weight
    10   10   4.131777894447377E+005   1.748761672507130E+011   4.131777894447377E+005
  </DiscreteSampler_grid>
