 -0.00624562666704742  0.03503757854061956  0.06024123716942695  0.07983900915807109
  0.09678939051781203  0.11216730747662261  0.12635783844985732  0.13968225942784149
  0.15226390644578983  0.16434499060316130  0.17588999075556902  0.18710703421543781
  0.19789743730638332  0.20845330854092520  0.21867357664901610  0.22872990219036593
  0.23852081217872237  0.24816818593586645  0.25759671880792440  0.26689354665682025
  0.27602863522306492  0.28503963098585600  0.29393505083928084  0.30271938531140635
  0.31141922578131437  0.32001661170930479  0.32853305490155688  0.33696670708030074
  0.34531393936836341  0.35361119666485724  0.36183669806203117  0.37001372184025727
  0.37813456497325365  0.38619972324204788  0.39423206453261322  0.40221398600737868
  0.41016301916564363  0.41807741116970526  0.42595643495569979  0.43381356383704345
  0.44164629655427329  0.44945957821497784  0.45725778415648949  0.46503956330747953
  0.47280572648566815  0.48056091239968229  0.48830306896550835  0.49603810562679340
  0.50376815786001372  0.51150355580118445  0.51924401530753450  0.52699925974201289
  0.53475907633620512  0.54253479216041056  0.55032811374336477  0.55814069145983525
  0.56597677201944574  0.57383732655931907  0.58171757040178929  0.58962704418738243
  0.59756493813635025  0.60553495037204574  0.61356098701482242  0.62162556644741429
  0.62974592511007366  0.63791729244024786  0.64613615330688456  0.65442733642656359
  0.66277439405846494  0.67120235594541533  0.67971331215514352  0.68830357390839148
  0.69700000571491849  0.70578644197978979  0.71468552516544781  0.72370582903313174
  0.73284736156943930  0.74215084665392728  0.75157756077719529  0.76121614229045664
  0.77099815877206290  0.78105626495678915  0.79127059779471376  0.80181387329528930
  0.81257203985492865  0.82376840797586592  0.83528172104124931  0.84732731341943401
  0.85987291566315971  0.87315866219333127  0.88729973732721723  0.90262005774236287
  0.91952846822509759  0.93907661509835161  0.96428775854803128  1.00000000000000000
 -0.00238862447588957  0.00953500504889239  0.01954181050301470  0.02990800721978807
  0.04024341873381589  0.05059129146386866  0.06097009559358926  0.07146410085859517
  0.08185921931187370  0.09228925922503750  0.10275459851121109  0.11343427222210765
  0.12411611026061145  0.13470673486479262  0.14528245537713758  0.15590432406512056
  0.16654496074183758  0.17702073787136297  0.18749451981466489  0.19795787154309971
  0.20842053566572113  0.21890834220057601  0.22949242806280779  0.24021143772984083
  0.25092120701927445  0.26145427257221554  0.27197557812634782  0.28256561814898684
  0.29317487493795796  0.30372359933602461  0.31435296414344360  0.32498624970224427
  0.33562157478521026  0.34608179097085529  0.35658010610153773  0.36701899650526248
  0.37743191764378969  0.38781821584690007  0.39819261219587176  0.40859213356448676
  0.41905766745888323  0.42974465911685572  0.44038611860676213  0.45092244588000091
  0.46150782862926332  0.47209871138570847  0.48264275318293903  0.49309923884713208
  0.50354491330742412  0.51413173664013179  0.52468309340391817  0.53535803950944050
  0.54596277267887983  0.55668766555653992  0.56725781026629141  0.57786139914048917
  0.58837013639419877  0.59897425934720372  0.60952029222206361  0.62006051494432879
  0.63057594140351481  0.64110194892992467  0.65154363600062493  0.66200215303246046
  0.67248367955252530  0.68296284166686794  0.69344782766710056  0.70396977150806650
  0.71452038867783163  0.72508456114878328  0.73566881034584997  0.74622030967990116
  0.75686031975622303  0.76742755116780959  0.77808206391580903  0.78873380940594418
  0.79939093788055515  0.81009172530124696  0.82061454620843644  0.83115699853463165
  0.84164819371722521  0.85224447553446514  0.86284599556118236  0.87346390360747450
  0.88418058814891720  0.89485470483852259  0.90544134785484309  0.91593970407773762
  0.92656492834706661  0.93716377689733266  0.94768067610805173  0.95810927202369112
  0.96849793024518005  0.97891810489615505  0.98943554640465181  1.00000000000000000
   7.6391877599203115E-008  -1.0000000000000000     
 F F F F F F F F
  <DiscreteSampler_grid>
  grouped_processes
  1 # 1 for a reference and 2 for a running grid.
  10 # Attribute 'min_bin_probing_points' of the grid.
  1 # Attribute 'grid_mode' of the grid. 1=='default',2=='initialization'
  0.0000000000000000 # Attribute 'small_contrib_threshold' of the grid.
  0.5000000000000000 # Attribute 'damping_power' of the grid.
 # binID   n_entries weight   weight_sqr   abs_weight
    10   10   3.488189408886024E+005   1.318405057221620E+011   3.488189408886024E+005
  </DiscreteSampler_grid>
