 -0.00639698032820195  0.03516723125871053  0.06040707593662767  0.08000682150562043
  0.09693256525646689  0.11228977681768668  0.12645188281307074  0.13974666968538460
  0.15230638323301790  0.16437223785955682  0.17590995787082217  0.18712843295999745
  0.19792358471793486  0.20849283201005786  0.21872692537564509  0.22878635918393161
  0.23857158224177982  0.24820798089319154  0.25763175095571067  0.26692032500052693
  0.27604776665935510  0.28506007263653937  0.29396026991375607  0.30274790882275515
  0.31144594120703284  0.32004100071923625  0.32856396453725834  0.33700760893498594
  0.34536328421030715  0.35366455485031217  0.36188646266250890  0.37005815814806359
  0.37817420777527505  0.38623943904731139  0.39427372868768151  0.40225282977064603
  0.41019738518726123  0.41810649089369006  0.42598139800903617  0.43383524251535771
  0.44166387434124693  0.44947304066889310  0.45726848142996146  0.46504599082937120
  0.47280721066136044  0.48055779883726951  0.48829704641414601  0.49604035223972937
  0.50378554374305928  0.51153625047011064  0.51928757424347161  0.52704030383540013
  0.53479851298335301  0.54256933677920216  0.55035909783820391  0.55816726923091831
  0.56599738900950969  0.57385175030760094  0.58172785051432185  0.58963808442187993
  0.59758070125749541  0.60555662804933819  0.61358333876041382  0.62164363321776739
  0.62975871451474230  0.63792937080609913  0.64614743732621993  0.65443894986259887
  0.66278260523777244  0.67120869807647632  0.67971618847611626  0.68830394423514385
  0.69700027468657666  0.70579125506236717  0.71469746198495043  0.72371763198585515
  0.73285548865876460  0.74215225898643744  0.75157745543365473  0.76121794547905242
  0.77099693207629383  0.78105823680401920  0.79128033061097947  0.80185770986492289
  0.81264612993101726  0.82387168419291013  0.83540717112834517  0.84748701916266334
  0.86004191405746955  0.87334801054697953  0.88748978878442641  0.90282680293406981
  0.91973787109047911  0.93928064233479658  0.96444014833428349  1.00000000000000000
 -0.00238089960178559  0.00959828117747065  0.01974985766028270  0.03027417733701488
  0.04080394841283690  0.05139656914030799  0.06194933702054561  0.07245072636912187
  0.08290744826908714  0.09343089914550934  0.10402530091745235  0.11460296849181201
  0.12523503408322662  0.13587473806467856  0.14644929310177104  0.15691327742260680
  0.16733856013630677  0.17784765780688175  0.18836969181006202  0.19894984676007654
  0.20948414192994166  0.21999436049414808  0.23050100505356541  0.24112708868906013
  0.25174467042152143  0.26226334080135105  0.27275359360202062  0.28331529907487490
  0.29390522995148627  0.30447261351087290  0.31497648887040575  0.32548370603242793
  0.33597050909634413  0.34657722620435166  0.35716078573140869  0.36782541586234851
  0.37845855013844498  0.38917083585211848  0.39982417027099365  0.41045758841226021
  0.42120089757345280  0.43194244932672665  0.44266852539589874  0.45327490993590874
  0.46386239109059751  0.47448835466179340  0.48497746067593617  0.49543092941733186
  0.50582751651599522  0.51630617419712277  0.52677366243505996  0.53733079407521944
  0.54788297542528674  0.55843163424156761  0.56902824216619452  0.57960640467499336
  0.59018098215664361  0.60070687016706148  0.61120455378823779  0.62177193051338231
  0.63228947740959063  0.64286489268416158  0.65342538903363145  0.66401811267820288
  0.67453601748981873  0.68513973545024631  0.69561982426295288  0.70617852134014103
  0.71661491921051412  0.72705718156092547  0.73758778877341324  0.74812271340967607
  0.75875048961898628  0.76929272629955148  0.77977024697016672  0.79017303135920736
  0.80061787065522294  0.81096142772378632  0.82137160097040962  0.83170851833960824
  0.84220102638995431  0.85272387867541033  0.86322355313661892  0.87368974598916394
  0.88419387128208127  0.89469659244625843  0.90531868016979156  0.91595813410071814
  0.92664925211840743  0.93727695276589373  0.94780501600183731  0.95825773868290953
  0.96865559052004124  0.97903285436872178  0.98947213547786661  1.00000000000000000
   4.1049142994096736E-009  -1.0000000000000000     
 F F F F F F F F
  <DiscreteSampler_grid>
  grouped_processes
  1 # 1 for a reference and 2 for a running grid.
  10 # Attribute 'min_bin_probing_points' of the grid.
  1 # Attribute 'grid_mode' of the grid. 1=='default',2=='initialization'
  0.0000000000000000 # Attribute 'small_contrib_threshold' of the grid.
  0.5000000000000000 # Attribute 'damping_power' of the grid.
 # binID   n_entries weight   weight_sqr   abs_weight
    10   10   2.431547146035195E+004   8.444011617778000E+008   2.431547146035195E+004
  </DiscreteSampler_grid>
