 -0.00645468001058519  0.03487545160072358  0.06007205639142054  0.07970250447887223
  0.09664023754391916  0.11200245288282448  0.12618012959680056  0.13951722565818803
  0.15209661749240924  0.16418372277557472  0.17572276298786804  0.18694883733037038
  0.19774833136200115  0.20832705810815960  0.21856371693806820  0.22862608150264138
  0.23841543838887289  0.24806349098566166  0.25750581928348615  0.26681768588336990
  0.27596716182105097  0.28499217748853600  0.29390477612125715  0.30269563432828556
  0.31139133202168523  0.31997992798913727  0.32849359102784753  0.33693600583639560
  0.34529455067680859  0.35360176265175819  0.36183543143718816  0.37001614077745193
  0.37813593733772105  0.38618969025881017  0.39420836219968874  0.40218480521977718
  0.41013568097790959  0.41805766126478611  0.42594335289522334  0.43380382304922499
  0.44163886843366379  0.44944688754400980  0.45723416616608337  0.46500347795312902
  0.47275834460490557  0.48051220953659551  0.48825728860483320  0.49600502753877795
  0.50375041100604689  0.51149607154451771  0.51924357808046029  0.52700729993627526
  0.53477714610609650  0.54256032790422859  0.55035696053652194  0.55816933068162244
  0.56600507592062310  0.57386388075929440  0.58174082696416152  0.58964936596333306
  0.59758857937522625  0.60556312996743411  0.61359524310365487  0.62165986969924825
  0.62978082826329429  0.63795134515474372  0.64617086804134216  0.65446792080500871
  0.66281518637109538  0.67124473104327109  0.67975477090400782  0.68834908331866296
  0.69705802966768349  0.70585083665077597  0.71475163185272694  0.72376010427445736
  0.73288863227941459  0.74217812498773317  0.75159838749035779  0.76122846103119346
  0.77099950431837039  0.78104865112281496  0.79127545169515356  0.80185067338241434
  0.81264365146370288  0.82386691790412292  0.83540604574929545  0.84749267644848969
  0.86006765579125199  0.87339074520788296  0.88756199473429342  0.90290368552430933
  0.91981790929210716  0.93935358631862986  0.96452156502611597  1.00000000000000000
 -0.00249459880691078  0.00951500085141183  0.01971694208791488  0.03025047612528592
  0.04076989713399513  0.05144432115681224  0.06207808894823161  0.07273605570636678
  0.08337932634654635  0.09405570024369855  0.10476173833694574  0.11531266177236538
  0.12582795615714693  0.13621783909661983  0.14651694492605380  0.15689254710925385
  0.16726691680081157  0.17795533386763587  0.18861235831424597  0.19922109334086449
  0.20973921052812841  0.22012737202874980  0.23060118086695414  0.24100699484756649
  0.25147419573065133  0.26191471213043371  0.27250593790862554  0.28321436550977047
  0.29387711379148296  0.30442859059477784  0.31498476105087736  0.32551111292898843
  0.33601169626195343  0.34653352472572180  0.35704547890666372  0.36758880896682838
  0.37811500590386787  0.38861903367711786  0.39915444542702477  0.40967176473873690
  0.42023329741495719  0.43089866291339313  0.44150812842555809  0.45220352145911230
  0.46283277151328078  0.47336464942796941  0.48394027590452693  0.49450365316361500
  0.50511088035615681  0.51567026462308252  0.52618645781432827  0.53675588080177883
  0.54730111795469194  0.55782189857934783  0.56837547620210249  0.57887879205456949
  0.58947290550835763  0.60009786168417267  0.61073766208112268  0.62143880271373042
  0.63201868056384658  0.64253248533982044  0.65302394073827930  0.66360360406925722
  0.67421431437723844  0.68475957978627355  0.69526258547953013  0.70577829127825964
  0.71629688916324574  0.72692578764893789  0.73747471674968135  0.74808160552462410
  0.75849497227255369  0.76892650839551591  0.77927603120585209  0.78967431909649999
  0.80002758789269912  0.81038943487882376  0.82081839746464269  0.83126973930691594
  0.84174494484539353  0.85218481051574413  0.86266123236554970  0.87314599083008493
  0.88363388361777195  0.89413716508420782  0.90460006259394177  0.91504122360444251
  0.92553256993165889  0.93602498593446337  0.94661944984784108  0.95724953771656252
  0.96798030130101320  0.97867563236733690  0.98936178808277375  1.00000000000000000
   6.0532101803874423E-009  -1.0000000000000000     
 F F F F F F F F
  <DiscreteSampler_grid>
  grouped_processes
  1 # 1 for a reference and 2 for a running grid.
  10 # Attribute 'min_bin_probing_points' of the grid.
  1 # Attribute 'grid_mode' of the grid. 1=='default',2=='initialization'
  0.0000000000000000 # Attribute 'small_contrib_threshold' of the grid.
  0.5000000000000000 # Attribute 'damping_power' of the grid.
 # binID   n_entries weight   weight_sqr   abs_weight
    10   10   4.904652241967358E+004   3.418769467437675E+009   4.904652241967358E+004
  </DiscreteSampler_grid>
