 -0.00650487881542400  0.03493575047612870  0.06019892441412811  0.07984490917689128
  0.09681143287183971  0.11219495235333306  0.12637280500504006  0.13970292744936583
  0.15228821343948667  0.16438445979512162  0.17592511322435234  0.18714914485260339
  0.19793472564600828  0.20850192590912986  0.21873073207903024  0.22878974169669483
  0.23857483486717918  0.24821591077436039  0.25765025866504376  0.26695959559832194
  0.27610778610093195  0.28512708789867047  0.29402686734180067  0.30280552121639637
  0.31149687691485850  0.32008229404400357  0.32858813241076379  0.33701001608862347
  0.34534728928064273  0.35363718896681079  0.36185790300416310  0.37003397353943418
  0.37815597898286296  0.38622239763353106  0.39425139550597321  0.40222597653601755
  0.41016738531301422  0.41807840191676998  0.42595544752828579  0.43381013260148238
  0.44164103051600334  0.44944971828012392  0.45723868728297384  0.46501040954314826
  0.47276772487947077  0.48052575793915486  0.48827584060380558  0.49602524746210447
  0.50376951136381098  0.51151155716530572  0.51925948281693368  0.52701457397804397
  0.53477236455068378  0.54253934108175594  0.55032497286674253  0.55813437723392068
  0.56597357128426029  0.57383801562863135  0.58172077573534731  0.58963521757255688
  0.59758137543039835  0.60555871182820664  0.61358543368262464  0.62164278988559341
  0.62975737648717689  0.63792898311343271  0.64614882605188340  0.65444026011769230
  0.66278327584891050  0.67121360004026243  0.67973198239285282  0.68833028464781165
  0.69703368587990489  0.70581227070254404  0.71470334252595891  0.72370880510944791
  0.73284406497775934  0.74214177232456335  0.75157073003401642  0.76120283777595033
  0.77097759590431758  0.78102193025537947  0.79123875573649161  0.80179041920949279
  0.81255225129868469  0.82375367124549370  0.83526951106001401  0.84732800622665605
  0.85987493359811906  0.87315946191833416  0.88730802562013589  0.90262651549158779
  0.91949046312715565  0.93896055009424950  0.96414080530908008  1.00000000000000000
 -0.00246893617433262  0.00947045702531650  0.01965784394451889  0.03009126839839793
  0.04062935026190339  0.05116624289533998  0.06164358202510518  0.07213462039935681
  0.08261016459127019  0.09318527553953052  0.10369068562323587  0.11418283332885867
  0.12468673547778186  0.13520503887961230  0.14571196746062903  0.15630713819614103
  0.16690955377605288  0.17753990411050116  0.18814814588431356  0.19864451719217163
  0.20900129629598577  0.21941517352005288  0.22982444220215598  0.24035946985096523
  0.25084048076965920  0.26137510815956866  0.27191605550610948  0.28241350638772972
  0.29299778833074891  0.30352124493786375  0.31401109639508012  0.32446936005499055
  0.33491574453791928  0.34549177456056007  0.35604895017050764  0.36672446315895241
  0.37729167324197516  0.38780696739698145  0.39834641668838966  0.40901374457315215
  0.41964033835722325  0.43018910742896149  0.44072949677725937  0.45133648019939449
  0.46189039623756140  0.47241767292949871  0.48298889490384661  0.49362614564979496
  0.50420621148097533  0.51476684985598531  0.52531356300825061  0.53583394828462383
  0.54631154111666580  0.55673129776681207  0.56721736456942640  0.57770358998292182
  0.58823082796309767  0.59865351811045653  0.60917430546422546  0.61966766606364654
  0.63021261549762564  0.64080966199561717  0.65148713213617504  0.66221650735108728
  0.67277039034953678  0.68325898842875377  0.69372073404563939  0.70418519760664111
  0.71458974715956614  0.72512213358857469  0.73569469988718184  0.74638167949518042
  0.75694922580909219  0.76754503264766016  0.77807132616807495  0.78872229230867230
  0.79933229349334445  0.80994673686939000  0.82046580723121776  0.83101315617347837
  0.84159888846521702  0.85218912197479080  0.86278409139197043  0.87337661231835062
  0.88382348373471309  0.89420335909046167  0.90454456382001636  0.91493881630234963
  0.92548429030310653  0.93610594949235593  0.94679947829520517  0.95752484364972290
  0.96821160535036555  0.97888617874575012  0.98944689406705000  1.00000000000000000
   5.8981821108024000E-009  -1.0000000000000000     
 F F F F F F F F
  <DiscreteSampler_grid>
  grouped_processes
  1 # 1 for a reference and 2 for a running grid.
  10 # Attribute 'min_bin_probing_points' of the grid.
  1 # Attribute 'grid_mode' of the grid. 1=='default',2=='initialization'
  0.0000000000000000 # Attribute 'small_contrib_threshold' of the grid.
  0.5000000000000000 # Attribute 'damping_power' of the grid.
 # binID   n_entries weight   weight_sqr   abs_weight
    10   10   5.698925368216813E+004   3.455954600320688E+009   5.698925368216813E+004
  </DiscreteSampler_grid>
