 -0.00610049670607641  0.03462651977387583  0.05980898223238103  0.07948141341963687
  0.09648205086221237  0.11189500350032006  0.12610411605899682  0.13945585383133513
  0.15202610325275309  0.16409515450183668  0.17564145125159325  0.18687762850010017
  0.19768990572821107  0.20827267806387539  0.21850631812305005  0.22855768049839553
  0.23833975411423805  0.24798004967090501  0.25742271406066081  0.26673342035285702
  0.27588990433248772  0.28492449187682473  0.29383559373998142  0.30262693843056421
  0.31131863103421858  0.31990331911433095  0.32840536926151198  0.33682546181414919
  0.34516237445612202  0.35344941165148069  0.36166838152921083  0.36984475125625677
  0.37797062054554259  0.38604643124940030  0.39408413580782808  0.40206811737721254
  0.41001430480506629  0.41792730769123332  0.42580715223879056  0.43366361501967282
  0.44149503597329698  0.44930349880082882  0.45709382307365676  0.46486709928311093
  0.47262425814147135  0.48037905251321089  0.48812674187466221  0.49587754578234550
  0.50362347076289216  0.51137040034300907  0.51911495646645678  0.52687219983672928
  0.53463711359714361  0.54242353669331089  0.55022945496020770  0.55805075757370370
  0.56588675343610839  0.57374336802671133  0.58162311525890775  0.58954044687094587
  0.59749053053026824  0.60546596009710807  0.61349196665331163  0.62155357195052030
  0.62966996402614506  0.63784008492523037  0.64605663802369984  0.65434885513682139
  0.66269346573297838  0.67111887460118180  0.67962880758112842  0.68821698550608812
  0.69691753577679094  0.70570506103517661  0.71460903469893333  0.72362979204909972
  0.73277044172974981  0.74206536100779330  0.75148708844297141  0.76111724747070586
  0.77089620898663647  0.78094440349128047  0.79116474891678878  0.80171360611849840
  0.81248379229967083  0.82368447357669028  0.83521172349971995  0.84728769366870182
  0.85985056379976166  0.87315361698467331  0.88731659370335048  0.90265092729879715
  0.91956461858317162  0.93911458103556233  0.96432479463183207  1.00000000000000000
 -0.00249350227822486  0.00944958799141419  0.01950247891959631  0.02991048601913932
  0.04033093149394885  0.05081326488999905  0.06123912283417826  0.07176782387127484
  0.08233306715077982  0.09304148716283284  0.10377776806745197  0.11450549081459176
  0.12507462865848623  0.13555663614601632  0.14602977014746449  0.15659507228823466
  0.16710618956463544  0.17749052627613138  0.18782950060010051  0.19827152575178666
  0.20879593228359425  0.21931668228963885  0.22985533526186155  0.24042879553411117
  0.25098268693526110  0.26144137530478551  0.27185984864478091  0.28242031264317313
  0.29288313526827880  0.30334957616515551  0.31394876334014937  0.32469658482671382
  0.33554013548926365  0.34616526370718764  0.35686686178296950  0.36751405559877592
  0.37814698110398448  0.38872361210342654  0.39927947974699263  0.40982014916772863
  0.42026692855343295  0.43062514186283674  0.44104175974904519  0.45148619853983374
  0.46195934671117045  0.47243877501637899  0.48293738614289849  0.49345726681067720
  0.50402281160935991  0.51461573386178583  0.52523677642957389  0.53580113198123458
  0.54648372201647255  0.55709704834167562  0.56772413153943668  0.57826916594051880
  0.58885347888270634  0.59949659323188276  0.61012875818342061  0.62073852902426563
  0.63132145748913049  0.64182115443560273  0.65231034690696732  0.66273053180705532
  0.67318562268065840  0.68365503909111636  0.69416041466974310  0.70458783867340513
  0.71504543090626305  0.72558033604860639  0.73617093266895928  0.74673622909137760
  0.75732170533136578  0.76800731778121001  0.77862360357037153  0.78915763057751054
  0.79967825018674021  0.81026334772881403  0.82086354491073088  0.83146207294090546
  0.84203920337383098  0.85256147560761542  0.86301670363228944  0.87344145980853782
  0.88378664361019676  0.89426441619646757  0.90476727017990877  0.91542331429945889
  0.92604530749507985  0.93660276418576427  0.94709261506878617  0.95755788956834598
  0.96819014619078891  0.97877178549101884  0.98936685629923571  1.00000000000000000
   9.2396884225498653E-008  -1.0000000000000000     
 F F F F F F F F
  <DiscreteSampler_grid>
  grouped_processes
  1 # 1 for a reference and 2 for a running grid.
  10 # Attribute 'min_bin_probing_points' of the grid.
  1 # Attribute 'grid_mode' of the grid. 1=='default',2=='initialization'
  0.0000000000000000 # Attribute 'small_contrib_threshold' of the grid.
  0.5000000000000000 # Attribute 'damping_power' of the grid.
 # binID   n_entries weight   weight_sqr   abs_weight
    10   10   3.124295709042407E+005   1.098111077609743E+011   3.124295709042407E+005
  </DiscreteSampler_grid>
