 -0.00639698032820195  0.03516723125871055  0.06040707593662771  0.08000682150562045
  0.09693256525646693  0.11228977681768673  0.12645188281307079  0.13974666968538468
  0.15230638323301793  0.16437223785955685  0.17590995787082223  0.18712843295999751
  0.19792358471793492  0.20849283201005792  0.21872692537564517  0.22878635918393170
  0.23857158224177991  0.24820798089319163  0.25763175095571073  0.26692032500052704
  0.27604776665935521  0.28506007263653949  0.29396026991375612  0.30274790882275526
  0.31144594120703295  0.32004100071923636  0.32856396453725845  0.33700760893498599
  0.34536328421030726  0.35366455485031228  0.36188646266250896  0.37005815814806370
  0.37817420777527516  0.38623943904731151  0.39427372868768162  0.40225282977064614
  0.41019738518726134  0.41810649089369012  0.42598139800903628  0.43383524251535788
  0.44166387434124710  0.44947304066889321  0.45726848142996157  0.46504599082937137
  0.47280721066136061  0.48055779883726968  0.48829704641414617  0.49604035223972959
  0.50378554374305939  0.51153625047011075  0.51928757424347172  0.52704030383540024
  0.53479851298335312  0.54256933677920227  0.55035909783820414  0.55816726923091853
  0.56599738900950980  0.57385175030760116  0.58172785051432208  0.58963808442188015
  0.59758070125749563  0.60555662804933841  0.61358333876041404  0.62164363321776761
  0.62975871451474241  0.63792937080609935  0.64614743732622015  0.65443894986259910
  0.66278260523777266  0.67120869807647654  0.67971618847611659  0.68830394423514407
  0.69700027468657688  0.70579125506236751  0.71469746198495065  0.72371763198585548
  0.73285548865876482  0.74215225898643777  0.75157745543365506  0.76121794547905264
  0.77099693207629416  0.78105823680401953  0.79128033061097991  0.80185770986492333
  0.81264612993101759  0.82387168419291046  0.83540717112834550  0.84748701916266378
  0.86004191405746999  0.87334801054697997  0.88748978878442686  0.90282680293407047
  0.91973787109047977  0.93928064233479736  0.96444014833428471  1.00000000000000000
 -0.00238089960178559  0.00959828117747065  0.01974985766028270  0.03027417733701487
  0.04080394841283690  0.05139656914030798  0.06194933702054561  0.07245072636912185
  0.08290744826908712  0.09343089914550932  0.10402530091745234  0.11460296849181199
  0.12523503408322659  0.13587473806467854  0.14644929310177099  0.15691327742260677
  0.16733856013630674  0.17784765780688172  0.18836969181006197  0.19894984676007652
  0.20948414192994164  0.21999436049414806  0.23050100505356538  0.24112708868906013
  0.25174467042152138  0.26226334080135100  0.27275359360202067  0.28331529907487485
  0.29390522995148627  0.30447261351087285  0.31497648887040575  0.32548370603242788
  0.33597050909634413  0.34657722620435161  0.35716078573140864  0.36782541586234846
  0.37845855013844498  0.38917083585211842  0.39982417027099360  0.41045758841226015
  0.42120089757345280  0.43194244932672665  0.44266852539589868  0.45327490993590869
  0.46386239109059746  0.47448835466179340  0.48497746067593611  0.49543092941733174
  0.50582751651599522  0.51630617419712266  0.52677366243505985  0.53733079407521944
  0.54788297542528663  0.55843163424156761  0.56902824216619441  0.57960640467499336
  0.59018098215664350  0.60070687016706126  0.61120455378823768  0.62177193051338231
  0.63228947740959063  0.64286489268416136  0.65342538903363145  0.66401811267820288
  0.67453601748981873  0.68513973545024631  0.69561982426295288  0.70617852134014103
  0.71661491921051401  0.72705718156092547  0.73758778877341313  0.74812271340967595
  0.75875048961898628  0.76929272629955148  0.77977024697016672  0.79017303135920736
  0.80061787065522283  0.81096142772378621  0.82137160097040951  0.83170851833960824
  0.84220102638995442  0.85272387867541022  0.86322355313661892  0.87368974598916382
  0.88419387128208116  0.89469659244625843  0.90531868016979145  0.91595813410071802
  0.92664925211840732  0.93727695276589362  0.94780501600183731  0.95825773868290942
  0.96865559052004113  0.97903285436872167  0.98947213547786650  1.00000000000000000
   5.8912693952544279E-009  -1.0000000000000000     
 F F F F F F F F
  <DiscreteSampler_grid>
  grouped_processes
  1 # 1 for a reference and 2 for a running grid.
  10 # Attribute 'min_bin_probing_points' of the grid.
  1 # Attribute 'grid_mode' of the grid. 1=='default',2=='initialization'
  0.0000000000000000 # Attribute 'small_contrib_threshold' of the grid.
  0.5000000000000000 # Attribute 'damping_power' of the grid.
 # binID   n_entries weight   weight_sqr   abs_weight
    10   10   3.489695092200952E+004   1.739235527470500E+009   3.489695092200952E+004
  </DiscreteSampler_grid>
