 -0.00656350681683146  0.03500441814946920  0.06026403803016550  0.07992061493221950
  0.09684924894923110  0.11218355207568335  0.12634385088107372  0.13966516621597902
  0.15223644064122457  0.16431734424653097  0.17586168079557118  0.18708634977060606
  0.19787843172825775  0.20844030359689067  0.21866167188847097  0.22870864779109210
  0.23848597162200705  0.24812203498236013  0.25754881977350352  0.26685392156695925
  0.27600282843712609  0.28503353340963067  0.29394665242442863  0.30274219875441294
  0.31144950988318887  0.32004872857843009  0.32856749242165950  0.33700349047022032
  0.34535451743485224  0.35365158843194988  0.36187353314067339  0.37004591674780857
  0.37816518685859324  0.38623143808623761  0.39425905915764486  0.40223579405238663
  0.41017467767752513  0.41807809466480556  0.42594756318814353  0.43379456623824297
  0.44161922846101359  0.44942257453621193  0.45720783169422341  0.46497978955592384
  0.47273884582771047  0.48049447241221527  0.48824142684081212  0.49598953043247718
  0.50373264296319342  0.51147976069344658  0.51922902652141190  0.52699072836022276
  0.53476219748579312  0.54254290979399444  0.55033762992928303  0.55814568170838152
  0.56597459656437921  0.57383037056142427  0.58171249615643272  0.58963090688156006
  0.59758160119971204  0.60556294279358236  0.61359536125509040  0.62166355515169880
  0.62978185325689129  0.63794649341991649  0.64615926497193066  0.65444882119018710
  0.66279748859123244  0.67123025910989187  0.67974313149234677  0.68833623040407244
  0.69702972789181727  0.70581065136618393  0.71470332368725509  0.72371558218054044
  0.73285040300966064  0.74214000611038955  0.75155703093545168  0.76118933685811019
  0.77097618395936163  0.78104203074262413  0.79127294028685313  0.80183357587113002
  0.81261410317032468  0.82382755751059689  0.83535721338303437  0.84742830500750943
  0.85998716638857631  0.87328026189827779  0.88742245280371645  0.90274007241333787
  0.91964349123353084  0.93920866957689098  0.96439787323460702  1.00000000000000000
 -0.00253191141479326  0.00972481814299866  0.01993742440763382  0.03062776520631964
  0.04130754666736833  0.05185581251283318  0.06240705627757694  0.07311555218791735
  0.08382522567064202  0.09429420231516492  0.10471046702606808  0.11515406544309005
  0.12554832452332443  0.13595398577496917  0.14630359198111326  0.15679030651679188
  0.16722516819683100  0.17770542555397900  0.18815297798061034  0.19859811158224844
  0.20905113970227340  0.21949425766803313  0.22998889794714517  0.24040956111916259
  0.25083832929482980  0.26122412611963897  0.27160710741230465  0.28198126298576509
  0.29236113299408317  0.30278628137264946  0.31325905369236073  0.32367590181274924
  0.33421049311755396  0.34470931542483102  0.35518698152561051  0.36564899480326790
  0.37617039411805148  0.38674079137726608  0.39736177797892780  0.40804662092516752
  0.41868740347464350  0.42915131093009062  0.43968143921888919  0.45017582078116641
  0.46082307816556795  0.47131499489490386  0.48181821185551732  0.49231033149776388
  0.50288758956017721  0.51347239385165877  0.52395075083444509  0.53441487833136248
  0.54493065769880911  0.55556007024790510  0.56618644267903151  0.57680959381977348
  0.58740950686544624  0.59793801387667622  0.60852015264276238  0.61903725053150249
  0.62957017580973784  0.64010017252527818  0.65059307198705474  0.66108214029214973
  0.67162596740294567  0.68223842332072360  0.69288803404803190  0.70344953129747556
  0.71401323949713413  0.72458133066951591  0.73515550642364635  0.74570223462690965
  0.75621424748547483  0.76680574948849289  0.77750428593361653  0.78826670573047408
  0.79889485485629719  0.80948313589494691  0.82002024307584631  0.83048853599116490
  0.84106513541791594  0.85162806165439930  0.86241213781524662  0.87320721182864358
  0.88393835449970504  0.89472976124210479  0.90520729256334787  0.91575174788997615
  0.92624365026267530  0.93668797469419773  0.94714502634328623  0.95753608473627772
  0.96820318058067267  0.97883814179705952  0.98942903031209239  1.00000000000000000
   4.3459887792043542E-008  -1.0000000000000000     
 F F F F F F F F
  <DiscreteSampler_grid>
  grouped_processes
  1 # 1 for a reference and 2 for a running grid.
  10 # Attribute 'min_bin_probing_points' of the grid.
  1 # Attribute 'grid_mode' of the grid. 1=='default',2=='initialization'
  0.0000000000000000 # Attribute 'small_contrib_threshold' of the grid.
  0.5000000000000000 # Attribute 'damping_power' of the grid.
 # binID   n_entries weight   weight_sqr   abs_weight
    10   10   4.948371337503390E+005   2.877569699498384E+011   4.948371337503390E+005
  </DiscreteSampler_grid>
