 -0.00653466214143568  0.03522315121150384  0.06044966698787998  0.08004041342161340
  0.09695160954456256  0.11229976194963585  0.12646588172223625  0.13978208116509186
  0.15234879672384780  0.16442459649034755  0.17595405814613416  0.18715442664428103
  0.19792811112481207  0.20848797893759816  0.21871966750884494  0.22877863642258689
  0.23856252019873997  0.24820412229803507  0.25763487069943136  0.26693853052118227
  0.27607619716233350  0.28509120853737485  0.29398170916743716  0.30276091683179718
  0.31145697846267745  0.32005076914811492  0.32856575318030756  0.33699983464046085
  0.34535161006671428  0.35365351325970246  0.36187728346945314  0.37004599142012806
  0.37816100980185952  0.38622751157812657  0.39425650382211613  0.40223751736826996
  0.41018634363330048  0.41810639274111083  0.42599477028256749  0.43385631428627458
  0.44168960098944704  0.44949972225043455  0.45729205720133598  0.46506806320271776
  0.47282834410074787  0.48058465996677324  0.48833229955568735  0.49608151080438806
  0.50382923178941785  0.51157602423912130  0.51932695132577333  0.52709068993064967
  0.53485892144206792  0.54264377388337059  0.55044243642789992  0.55825935273600780
  0.56609733317585786  0.57395545181977914  0.58183249414688620  0.58974002497759259
  0.59768228318042071  0.60566328787200052  0.61369820268806730  0.62176513720899429
  0.62987858985388168  0.63804465834328783  0.64626437939415016  0.65456775406288026
  0.66292673494034060  0.67136821691547344  0.67988747368820857  0.68847684159743339
  0.69717360271836581  0.70596032902016437  0.71486701474630410  0.72388893941492083
  0.73302953647712266  0.74233406941671853  0.75177262327421124  0.76142141572689526
  0.77120726905174386  0.78125380961777680  0.79147149804574046  0.80202752028694113
  0.81280224989084982  0.82400910646639713  0.83554098478064387  0.84761825722623896
  0.86018490446318929  0.87348821596956683  0.88765313385393851  0.90300359034639721
  0.91990179080930534  0.93937143712642857  0.96445809740752197  1.00000000000000000
 -0.00229893762321800  0.00978914769876538  0.02005451315889815  0.03052934494717732
  0.04105177030773458  0.05158714607853724  0.06217758837411259  0.07257465022953395
  0.08291117594757935  0.09333346627627907  0.10379734565606169  0.11439417592437073
  0.12502698777390833  0.13576493278367990  0.14660472095536975  0.15736789437301307
  0.16798752862492056  0.17847851122283487  0.18890055751723095  0.19935061265657833
  0.20977349186898911  0.22017147354688851  0.23055659151391886  0.24105149574090998
  0.25151197203713266  0.26201419979478674  0.27250626507408143  0.28295027191924316
  0.29336770516805966  0.30371207198363315  0.31408351157390602  0.32458862980143222
  0.33513762879901027  0.34589679863248690  0.35651762278303117  0.36711552495447142
  0.37765884803815730  0.38817240954243004  0.39870753513971574  0.40922528933218338
  0.41975396401442500  0.43029924379559070  0.44093078352979370  0.45155063464299544
  0.46209954868197817  0.47261694587408210  0.48315201516574097  0.49376720263484625
  0.50439296383025578  0.51503927215374756  0.52558146312355780  0.53609391568904718
  0.54660619278996481  0.55714773838949583  0.56763883959703088  0.57805123506802725
  0.58848814887089529  0.59893599448564205  0.60940250291415954  0.61991761954741398
  0.63045722317033936  0.64105152739728211  0.65165437684975092  0.66222981029906480
  0.67274031752104524  0.68331328649882150  0.69402521753690927  0.70476980365274144
  0.71558370069142363  0.72638066438621118  0.73715739427935867  0.74782499331544450
  0.75839040140025338  0.76891212911329998  0.77935746655104998  0.78984642524451731
  0.80043044936087848  0.81101104911706279  0.82147805714182687  0.83188440465654301
  0.84231800807400681  0.85277881626667185  0.86327783395395097  0.87379778780405326
  0.88432157450663762  0.89489643694741494  0.90537949708333842  0.91586758767970700
  0.92639847807198628  0.93691386446300151  0.94750369458812345  0.95808634296917750
  0.96855765588774501  0.97909292815788029  0.98951557211009400  1.00000000000000000
   4.8744114068674544E-009  -1.0000000000000000     
 F F F F F F F F
  <DiscreteSampler_grid>
  grouped_processes
  1 # 1 for a reference and 2 for a running grid.
  10 # Attribute 'min_bin_probing_points' of the grid.
  1 # Attribute 'grid_mode' of the grid. 1=='default',2=='initialization'
  0.0000000000000000 # Attribute 'small_contrib_threshold' of the grid.
  0.5000000000000000 # Attribute 'damping_power' of the grid.
 # binID   n_entries weight   weight_sqr   abs_weight
    10   10   3.277122870156811E+004   1.306102668122513E+009   3.277122870156811E+004
  </DiscreteSampler_grid>
