 -0.00656350681683146  0.03500441814946920  0.06026403803016550  0.07992061493221948
  0.09684924894923108  0.11218355207568334  0.12634385088107369  0.13966516621597902
  0.15223644064122457  0.16431734424653094  0.17586168079557116  0.18708634977060604
  0.19787843172825775  0.20844030359689064  0.21866167188847097  0.22870864779109207
  0.23848597162200702  0.24812203498236007  0.25754881977350352  0.26685392156695920
  0.27600282843712609  0.28503353340963061  0.29394665242442852  0.30274219875441283
  0.31144950988318887  0.32004872857843003  0.32856749242165945  0.33700349047022027
  0.34535451743485218  0.35365158843194977  0.36187353314067333  0.37004591674780846
  0.37816518685859313  0.38623143808623750  0.39425905915764481  0.40223579405238652
  0.41017467767752508  0.41807809466480550  0.42594756318814342  0.43379456623824292
  0.44161922846101348  0.44942257453621182  0.45720783169422335  0.46497978955592378
  0.47273884582771042  0.48049447241221516  0.48824142684081207  0.49598953043247712
  0.50373264296319331  0.51147976069344647  0.51922902652141190  0.52699072836022265
  0.53476219748579301  0.54254290979399444  0.55033762992928303  0.55814568170838130
  0.56597459656437910  0.57383037056142416  0.58171249615643261  0.58963090688155995
  0.59758160119971193  0.60556294279358225  0.61359536125509029  0.62166355515169858
  0.62978185325689118  0.63794649341991649  0.64615926497193044  0.65444882119018699
  0.66279748859123233  0.67123025910989176  0.67974313149234666  0.68833623040407232
  0.69702972789181716  0.70581065136618382  0.71470332368725509  0.72371558218054033
  0.73285040300966042  0.74214000611038944  0.75155703093545156  0.76118933685811008
  0.77097618395936152  0.78104203074262402  0.79127294028685291  0.80183357587112980
  0.81261410317032445  0.82382755751059666  0.83535721338303415  0.84742830500750921
  0.85998716638857609  0.87328026189827768  0.88742245280371612  0.90274007241333754
  0.91964349123353051  0.93920866957689053  0.96439787323460646  1.00000000000000000
 -0.00253191141479326  0.00972481814299866  0.01993742440763383  0.03062776520631965
  0.04130754666736836  0.05185581251283320  0.06240705627757696  0.07311555218791738
  0.08382522567064206  0.09429420231516496  0.10471046702606815  0.11515406544309011
  0.12554832452332451  0.13595398577496923  0.14630359198111334  0.15679030651679199
  0.16722516819683109  0.17770542555397909  0.18815297798061045  0.19859811158224855
  0.20905113970227354  0.21949425766803324  0.22998889794714528  0.24040956111916270
  0.25083832929482996  0.26122412611963919  0.27160710741230476  0.28198126298576526
  0.29236113299408334  0.30278628137264962  0.31325905369236084  0.32367590181274947
  0.33421049311755413  0.34470931542483119  0.35518698152561073  0.36564899480326812
  0.37617039411805175  0.38674079137726630  0.39736177797892808  0.40804662092516775
  0.41868740347464378  0.42915131093009096  0.43968143921888947  0.45017582078116664
  0.46082307816556822  0.47131499489490414  0.48181821185551754  0.49231033149776421
  0.50288758956017743  0.51347239385165899  0.52395075083444553  0.53441487833136281
  0.54493065769880933  0.55556007024790532  0.56618644267903195  0.57680959381977381
  0.58740950686544668  0.59793801387667667  0.60852015264276271  0.61903725053150294
  0.62957017580973818  0.64010017252527862  0.65059307198705518  0.66108214029215007
  0.67162596740294611  0.68223842332072393  0.69288803404803234  0.70344953129747601
  0.71401323949713436  0.72458133066951624  0.73515550642364680  0.74570223462690988
  0.75621424748547528  0.76680574948849323  0.77750428593361709  0.78826670573047464
  0.79889485485629763  0.80948313589494736  0.82002024307584687  0.83048853599116546
  0.84106513541791639  0.85162806165439986  0.86241213781524717  0.87320721182864403
  0.88393835449970548  0.89472976124210535  0.90520729256334831  0.91575174788997660
  0.92624365026267597  0.93668797469419818  0.94714502634328668  0.95753608473627816
  0.96820318058067312  0.97883814179706008  0.98942903031209284  1.00000000000000000
   5.8838391176577773E-009  -1.0000000000000000     
 F F F F F F F F
  <DiscreteSampler_grid>
  grouped_processes
  1 # 1 for a reference and 2 for a running grid.
  10 # Attribute 'min_bin_probing_points' of the grid.
  1 # Attribute 'grid_mode' of the grid. 1=='default',2=='initialization'
  0.0000000000000000 # Attribute 'small_contrib_threshold' of the grid.
  0.5000000000000000 # Attribute 'damping_power' of the grid.
 # binID   n_entries weight   weight_sqr   abs_weight
    10   10   5.840213784191864E+004   4.008286688285265E+009   5.840213784191864E+004
  </DiscreteSampler_grid>
