 -0.00650477945972143  0.03530634905211977  0.06048233246587675  0.08008930409412317
  0.09705934343079148  0.11243125160548673  0.12661499228263348  0.13994748979707178
  0.15252236688824616  0.16460088189401562  0.17612430550136629  0.18733601750737680
  0.19811401657924507  0.20867861788957526  0.21889849318601456  0.22896145013051522
  0.23874442179604347  0.24837891083839211  0.25779282466592796  0.26707661471505856
  0.27620593281545047  0.28522307590785662  0.29412998751735142  0.30291582203063433
  0.31160337834608104  0.32018246607797257  0.32869139103120087  0.33713128970417711
  0.34549225909118070  0.35379631071941048  0.36201883454857203  0.37019121367784052
  0.37830866244556333  0.38637601767936791  0.39440268971786391  0.40237641819086301
  0.41031573102889224  0.41822527499606155  0.42610532070262103  0.43396601010341901
  0.44180312158523427  0.44961526861671647  0.45740984380336025  0.46518685510622143
  0.47295407273570811  0.48071889862908651  0.48847299442579178  0.49622636400808839
  0.50397984200098656  0.51173927251652973  0.51949739816560259  0.52726334142891496
  0.53502924979969146  0.54280628612162241  0.55059921837497205  0.55841229622159139
  0.56625009855034947  0.57410855345011547  0.58198710182135593  0.58989984482872349
  0.59784752248243145  0.60582903552514167  0.61384948051318233  0.62189242268993317
  0.62998857182727497  0.63814262974978087  0.64635705992125825  0.65464885666017192
  0.66299258308125697  0.67141862327791924  0.67991850129193832  0.68849868592907137
  0.69718688941123752  0.70597504703914205  0.71488203519011240  0.72390067466910613
  0.73303483071228215  0.74232796102686915  0.75176161237695116  0.76141490896771413
  0.77121654748983248  0.78128628635544251  0.79151961291391681  0.80208273344289938
  0.81286450729498783  0.82408199930132031  0.83562597274545425  0.84769875767125924
  0.86025392330756723  0.87354202220310306  0.88767675201752405  0.90298416212174892
  0.91986329465231120  0.93940710639195490  0.96459338983873733  1.00000000000000000
 -0.00245171346363836  0.00952195544545853  0.01964753704727454  0.03016444425574570
  0.04075155912023345  0.05141752308786996  0.06208466384625601  0.07272544824111819
  0.08315626131267398  0.09355273633045090  0.10407469255572839  0.11479911659713651
  0.12554061516435472  0.13630222300851341  0.14699211158240202  0.15769863255087510
  0.16839190965760234  0.17908069660901355  0.18973098075405709  0.20033545504365363
  0.21092951273839777  0.22150711399078832  0.23202444320217508  0.24263082004911418
  0.25323862850550216  0.26386385676454688  0.27450101756796208  0.28515304472136505
  0.29579478877145243  0.30638533064959866  0.31701315737362540  0.32762807886324724
  0.33822987990886799  0.34877826872793982  0.35937479825129059  0.36990728711225995
  0.38043165341762186  0.39090061512736413  0.40132897327189582  0.41183738891061777
  0.42236259602383636  0.43285923484763567  0.44330150672830576  0.45367940750553670
  0.46413409475038897  0.47463118957115508  0.48521600731064068  0.49581828034589376
  0.50627716715057880  0.51672400860784151  0.52717279722719368  0.53772152743174384
  0.54830505844159450  0.55892393834487453  0.56955412427354313  0.58001475827701221
  0.59046565045256516  0.60098299602259353  0.61158975916686353  0.62217158531081296
  0.63271022528019427  0.64327549582419907  0.65390147626193140  0.66445585669997032
  0.67510210854462982  0.68576859210329510  0.69633642044747057  0.70678667247679383
  0.71716630659398917  0.72758752129848514  0.73808873356444982  0.74856077205175342
  0.75919486291906579  0.76977782478644274  0.78028101766459357  0.79071937559163197
  0.80118840501101030  0.81171074138129240  0.82213610382545477  0.83243338716958792
  0.84279787249823723  0.85319504924898748  0.86361295795093229  0.87407831809165792
  0.88462013520926530  0.89512139403165503  0.90565928245025085  0.91609183516720372
  0.92660114349936540  0.93705722385361057  0.94760810584878896  0.95811893857842745
  0.96858569925398807  0.97901941147839244  0.98953992662676127  1.00000000000000000
   6.9868821258282436E-009  -1.0000000000000000     
 F F F F F F F F
  <DiscreteSampler_grid>
  grouped_processes
  1 # 1 for a reference and 2 for a running grid.
  10 # Attribute 'min_bin_probing_points' of the grid.
  1 # Attribute 'grid_mode' of the grid. 1=='default',2=='initialization'
  0.0000000000000000 # Attribute 'small_contrib_threshold' of the grid.
  0.5000000000000000 # Attribute 'damping_power' of the grid.
 # binID   n_entries weight   weight_sqr   abs_weight
    10   10   5.464711121059002E+004   3.779554333676692E+009   5.464711121059002E+004
  </DiscreteSampler_grid>
