 -0.00653466214143567  0.03522315121150384  0.06044966698787999  0.08004041342161342
  0.09695160954456258  0.11229976194963590  0.12646588172223627  0.13978208116509189
  0.15234879672384782  0.16442459649034757  0.17595405814613421  0.18715442664428109
  0.19792811112481212  0.20848797893759821  0.21871966750884500  0.22877863642258697
  0.23856252019874005  0.24820412229803512  0.25763487069943142  0.26693853052118233
  0.27607619716233356  0.28509120853737496  0.29398170916743727  0.30276091683179729
  0.31145697846267750  0.32005076914811498  0.32856575318030756  0.33699983464046096
  0.34535161006671439  0.35365351325970257  0.36187728346945319  0.37004599142012823
  0.37816100980185963  0.38622751157812663  0.39425650382211624  0.40223751736827007
  0.41018634363330059  0.41810639274111100  0.42599477028256766  0.43385631428627469
  0.44168960098944715  0.44949972225043466  0.45729205720133609  0.46506806320271787
  0.47282834410074798  0.48058465996677330  0.48833229955568747  0.49608151080438823
  0.50382923178941796  0.51157602423912141  0.51932695132577356  0.52709068993064978
  0.53485892144206815  0.54264377388337082  0.55044243642790003  0.55825935273600802
  0.56609733317585809  0.57395545181977925  0.58183249414688643  0.58974002497759270
  0.59768228318042094  0.60566328787200063  0.61369820268806741  0.62176513720899451
  0.62987858985388190  0.63804465834328794  0.64626437939415027  0.65456775406288048
  0.66292673494034071  0.67136821691547355  0.67988747368820890  0.68847684159743361
  0.69717360271836604  0.70596032902016459  0.71486701474630432  0.72388893941492105
  0.73302953647712277  0.74233406941671876  0.75177262327421146  0.76142141572689548
  0.77120726905174408  0.78125380961777713  0.79147149804574068  0.80202752028694146
  0.81280224989085004  0.82400910646639747  0.83554098478064409  0.84761825722623929
  0.86018490446318974  0.87348821596956727  0.88765313385393896  0.90300359034639777
  0.91990179080930590  0.93937143712642923  0.96445809740752286  1.00000000000000000
 -0.00229893762321800  0.00978914769876539  0.02005451315889816  0.03052934494717733
  0.04105177030773458  0.05158714607853725  0.06217758837411261  0.07257465022953397
  0.08291117594757938  0.09333346627627910  0.10379734565606173  0.11439417592437076
  0.12502698777390839  0.13576493278367993  0.14660472095536980  0.15736789437301313
  0.16798752862492061  0.17847851122283492  0.18890055751723103  0.19935061265657841
  0.20977349186898919  0.22017147354688854  0.23055659151391891  0.24105149574091006
  0.25151197203713271  0.26201419979478680  0.27250626507408160  0.28295027191924327
  0.29336770516805971  0.30371207198363331  0.31408351157390613  0.32458862980143233
  0.33513762879901038  0.34589679863248701  0.35651762278303128  0.36711552495447153
  0.37765884803815741  0.38817240954243021  0.39870753513971585  0.40922528933218350
  0.41975396401442516  0.43029924379559081  0.44093078352979392  0.45155063464299550
  0.46209954868197839  0.47261694587408226  0.48315201516574113  0.49376720263484641
  0.50439296383025589  0.51503927215374778  0.52558146312355802  0.53609391568904741
  0.54660619278996503  0.55714773838949594  0.56763883959703110  0.57805123506802736
  0.58848814887089551  0.59893599448564239  0.60940250291415987  0.61991761954741409
  0.63045722317033959  0.64105152739728244  0.65165437684975125  0.66222981029906502
  0.67274031752104546  0.68331328649882184  0.69402521753690938  0.70476980365274178
  0.71558370069142396  0.72638066438621152  0.73715739427935889  0.74782499331544483
  0.75839040140025371  0.76891212911330020  0.77935746655105032  0.78984642524451765
  0.80043044936087870  0.81101104911706312  0.82147805714182720  0.83188440465654323
  0.84231800807400703  0.85277881626667218  0.86327783395395119  0.87379778780405370
  0.88432157450663795  0.89489643694741527  0.90537949708333876  0.91586758767970733
  0.92639847807198661  0.93691386446300184  0.94750369458812389  0.95808634296917783
  0.96855765588774534  0.97909292815788052  0.98951557211009444  1.00000000000000000
   5.1671954511486212E-008  -1.0000000000000000     
 F F F F F F F F
  <DiscreteSampler_grid>
  grouped_processes
  1 # 1 for a reference and 2 for a running grid.
  10 # Attribute 'min_bin_probing_points' of the grid.
  1 # Attribute 'grid_mode' of the grid. 1=='default',2=='initialization'
  0.0000000000000000 # Attribute 'small_contrib_threshold' of the grid.
  0.5000000000000000 # Attribute 'damping_power' of the grid.
 # binID   n_entries weight   weight_sqr   abs_weight
    10   10   3.985025996219102E+005   1.931319763391907E+011   3.985025996219102E+005
  </DiscreteSampler_grid>
