 -0.00648013293293245  0.03497890683562691  0.06017246377033911  0.07980697822100009
  0.09679548039072632  0.11218906648765546  0.12638501071536223  0.13972332948019875
  0.15229765343627097  0.16437810386673449  0.17590778347738073  0.18711832774255852
  0.19789756822616528  0.20846048645594847  0.21868406541367155  0.22874633308177694
  0.23853500888171345  0.24817554310318238  0.25760201964456569  0.26690532103192144
  0.27605750300259141  0.28509121725728009  0.29400332463127721  0.30279545166641847
  0.31149275291129480  0.32007546153475497  0.32857582156559761  0.33699673403292657
  0.34534097650460549  0.35363666439048358  0.36185537224152697  0.37002439744781851
  0.37814040080023548  0.38621103360134568  0.39424259893395458  0.40221763856238152
  0.41015526480793196  0.41806154062540068  0.42593572110510475  0.43378671701894284
  0.44161310654585462  0.44941787233315206  0.45720794502623824  0.46498383148549338
  0.47274879499847322  0.48051052883962647  0.48826591763947852  0.49601497874715461
  0.50375911387427041  0.51150428547885429  0.51924429897145863  0.52699734474827198
  0.53475068659608427  0.54251772758896799  0.55030160480156409  0.55810383341148750
  0.56593315878991401  0.57378795608228839  0.58166615676584743  0.58957967151731105
  0.59752846963489126  0.60551326660887483  0.61354451835344392  0.62160925328624872
  0.62972561463651966  0.63789595384560016  0.64611976752366351  0.65441903378752808
  0.66277288689371594  0.67120886909935229  0.67972503247834837  0.68831787614251250
  0.69701445545697127  0.70580060782994025  0.71470054043564657  0.72372158459383795
  0.73286376078547633  0.74216811087686729  0.75159981394328701  0.76124268090815972
  0.77102746680359791  0.78108713882839775  0.79130659114009660  0.80187173806587786
  0.81266014205594062  0.82389074311837363  0.83542639307411048  0.84749344132831961
  0.86003872311283469  0.87333628050078804  0.88748391363659340  0.90281826681184174
  0.91972764146865427  0.93928066743817629  0.96446588927054000  1.00000000000000000
 -0.00250415294214531  0.00971046041792350  0.01999348192610385  0.03047380919852222
  0.04093145384074466  0.05142993585599532  0.06199873757664707  0.07258768510751112
  0.08300514549340615  0.09338741873550420  0.10378887000945826  0.11427000554191914
  0.12490498751954975  0.13556928138715515  0.14616078914958394  0.15669084532451427
  0.16712995086638546  0.17760474059108364  0.18805966153267489  0.19860213552588390
  0.20915813928218865  0.21970533406862125  0.23024245487468586  0.24078998793337564
  0.25134473064590418  0.26185135993517017  0.27235004954221714  0.28283940488564413
  0.29333314820714818  0.30383164440654642  0.31426415195413582  0.32466703929757879
  0.33513567429600299  0.34565282468337438  0.35616600338301779  0.36670562667783696
  0.37721985355077364  0.38784623389825063  0.39839944994073440  0.40900760052290952
  0.41966289326100897  0.43040333821697363  0.44105695508608217  0.45158356892556023
  0.46212695496733486  0.47267025866649792  0.48323758547862505  0.49365829480269008
  0.50402666791764106  0.51444835856608850  0.52487087335913463  0.53547826786253316
  0.54603269471729754  0.55663482484065241  0.56718457362054742  0.57773941666132833
  0.58824414093375488  0.59873226165118310  0.60925482287135813  0.61977655035473622
  0.63026511820154130  0.64080994881425113  0.65138524983944368  0.66208976457069990
  0.67266976809462276  0.68333474630537994  0.69388580061680338  0.70452033209806453
  0.71514723865583074  0.72573175289463954  0.73634575827536852  0.74694370035390634
  0.75755012702022739  0.76812164369809088  0.77868126076743904  0.78927081912187824
  0.79978637037386668  0.81030275131019358  0.82079376176857832  0.83134531494220532
  0.84206226163135500  0.85265050866507219  0.86322450076866886  0.87352762580336629
  0.88403902185026750  0.89456244879754099  0.90513039584148625  0.91571333277856859
  0.92620817032694625  0.93677266165153983  0.94723866319532479  0.95774939337188980
  0.96826173023054785  0.97877557276046545  0.98938223037798756  1.00000000000000000
   4.3301824315059321E-008  -1.0000000000000000     
 F F F F F F F F
  <DiscreteSampler_grid>
  grouped_processes
  1 # 1 for a reference and 2 for a running grid.
  10 # Attribute 'min_bin_probing_points' of the grid.
  1 # Attribute 'grid_mode' of the grid. 1=='default',2=='initialization'
  0.0000000000000000 # Attribute 'small_contrib_threshold' of the grid.
  0.5000000000000000 # Attribute 'damping_power' of the grid.
 # binID   n_entries weight   weight_sqr   abs_weight
    10   10   4.708892279409668E+005   2.745203966766955E+011   4.708892279409668E+005
  </DiscreteSampler_grid>
