 -0.00640621717517816  0.03493414239755117  0.06016073483109689  0.07981748037550003
  0.09677870027146361  0.11215738199375812  0.12632973866854888  0.13965518625935705
  0.15223938494184011  0.16431946774342804  0.17585146573655175  0.18705927789150978
  0.19785197826011666  0.20841552276563341  0.21863063402232921  0.22867883112571449
  0.23846814064541932  0.24811621284986879  0.25754978888749136  0.26685240726199910
  0.27599770664645118  0.28502155434197846  0.29392946685883498  0.30272235868891983
  0.31142646674548274  0.32002252187052244  0.32854081753198328  0.33698191511593445
  0.34533860817349177  0.35364193738756106  0.36187184145461121  0.37005050667989187
  0.37817510353928313  0.38624497069770086  0.39428175304902835  0.40227215736474647
  0.41022636064911144  0.41814431336443891  0.42602458782870284  0.43387814282438952
  0.44170655250071250  0.44951249864575926  0.45730200029590790  0.46507563424702875
  0.47283583725451644  0.48059157189137069  0.48833539018451599  0.49608057315946935
  0.50382295661891374  0.51157402306538269  0.51932582189733534  0.52708775483343584
  0.53485953367182737  0.54264805343307487  0.55045039307780297  0.55826666611813425
  0.56610262981905135  0.57396472064634807  0.58185258261521933  0.58977539009727276
  0.59772882021771712  0.60571423168032268  0.61374821553656789  0.62181459948070295
  0.62993464365249852  0.63810080177686546  0.64631197315731548  0.65459557904130439
  0.66293644792111950  0.67137129996242251  0.67989192630193507  0.68848172871881541
  0.69717559992934452  0.70595636466923939  0.71486235013235244  0.72389015114742594
  0.73303585346342981  0.74233981380306513  0.75176906072317717  0.76141771200711073
  0.77120616523410312  0.78126446737236166  0.79148833092366222  0.80205140336053016
  0.81282760974867840  0.82403283464716282  0.83553491961292503  0.84758340338614724
  0.86010352937031920  0.87339662438067911  0.88753037377139909  0.90286784306280066
  0.91979899975060819  0.93937191415811871  0.96453897770331021  1.00000000000000000
 -0.00251224430237586  0.00958012278280555  0.01979599134842032  0.03042155596150179
  0.04106228911803472  0.05172412344977375  0.06238457566266286  0.07295249426804890
  0.08355230241264448  0.09409000924340331  0.10469015209288678  0.11521048447219755
  0.12568123854877869  0.13619273488786604  0.14669170522329958  0.15725382393538689
  0.16780846624101881  0.17841739686442587  0.18904427055489584  0.19964279860148690
  0.21020952115945746  0.22091092546189295  0.23158517994693542  0.24222667341416199
  0.25279894231923372  0.26341693160112123  0.27399387601556691  0.28443949215386871
  0.29486856982419013  0.30539681955357378  0.31597179022096006  0.32655102932889329
  0.33703106429339941  0.34740360385635904  0.35779059729585011  0.36819874459788049
  0.37866672087792785  0.38913189225682521  0.39957894037310399  0.41014367720169120
  0.42068670455656815  0.43126588866991872  0.44163487460942158  0.45205557272433605
  0.46244247619721318  0.47301757663252597  0.48364255737722506  0.49433326787501930
  0.50488549561589802  0.51536197333094480  0.52577228369769768  0.53629227482650921
  0.54681203691519242  0.55734578280023506  0.56784642183646683  0.57835740476942443
  0.58890378439555691  0.59943687958487035  0.60991262505442445  0.62043109191175039
  0.63097722088017405  0.64154647956407940  0.65214488570175821  0.66272177826253909
  0.67326750802845192  0.68378834526206123  0.69430685116129687  0.70485311507199588
  0.71538873401117731  0.72597493049824735  0.73658439586342594  0.74725452219786104
  0.75790211080619363  0.76859248406219860  0.77917142941633877  0.78975357634793408
  0.80030658611707051  0.81086573948885454  0.82126319025011907  0.83163314901909990
  0.84211202141838393  0.85274818426832610  0.86324994791821874  0.87376383545024328
  0.88435523003066718  0.89498005255544788  0.90549617543432737  0.91593010209494297
  0.92636178315231887  0.93675720168763754  0.94717757205006026  0.95767372862186850
  0.96829757806967576  0.97885886371942499  0.98943423853111412  1.00000000000000000
   7.5010579883063999E-008  -1.0000000000000000     
 F F F F F F F F
  <DiscreteSampler_grid>
  grouped_processes
  1 # 1 for a reference and 2 for a running grid.
  10 # Attribute 'min_bin_probing_points' of the grid.
  1 # Attribute 'grid_mode' of the grid. 1=='default',2=='initialization'
  0.0000000000000000 # Attribute 'small_contrib_threshold' of the grid.
  0.5000000000000000 # Attribute 'damping_power' of the grid.
 # binID   n_entries weight   weight_sqr   abs_weight
    10   10   2.135867819111030E+005   6.424627996455692E+010   2.135867819111030E+005
  </DiscreteSampler_grid>
