 -0.00650477945972143  0.03530634905211977  0.06048233246587675  0.08008930409412318
  0.09705934343079148  0.11243125160548671  0.12661499228263351  0.13994748979707178
  0.15252236688824616  0.16460088189401562  0.17612430550136629  0.18733601750737680
  0.19811401657924510  0.20867861788957526  0.21889849318601454  0.22896145013051522
  0.23874442179604347  0.24837891083839209  0.25779282466592801  0.26707661471505856
  0.27620593281545047  0.28522307590785662  0.29412998751735142  0.30291582203063433
  0.31160337834608104  0.32018246607797263  0.32869139103120087  0.33713128970417711
  0.34549225909118070  0.35379631071941048  0.36201883454857203  0.37019121367784052
  0.37830866244556333  0.38637601767936786  0.39440268971786391  0.40237641819086306
  0.41031573102889224  0.41822527499606155  0.42610532070262097  0.43396601010341901
  0.44180312158523427  0.44961526861671647  0.45740984380336031  0.46518685510622143
  0.47295407273570811  0.48071889862908646  0.48847299442579173  0.49622636400808839
  0.50397984200098656  0.51173927251652973  0.51949739816560259  0.52726334142891507
  0.53502924979969146  0.54280628612162241  0.55059921837497205  0.55841229622159139
  0.56625009855034947  0.57410855345011547  0.58198710182135582  0.58989984482872349
  0.59784752248243145  0.60582903552514178  0.61384948051318233  0.62189242268993317
  0.62998857182727497  0.63814262974978087  0.64635705992125825  0.65464885666017192
  0.66299258308125697  0.67141862327791924  0.67991850129193832  0.68849868592907137
  0.69718688941123752  0.70597504703914193  0.71488203519011240  0.72390067466910613
  0.73303483071228204  0.74232796102686915  0.75176161237695105  0.76141490896771413
  0.77121654748983248  0.78128628635544239  0.79151961291391670  0.80208273344289949
  0.81286450729498794  0.82408199930132031  0.83562597274545414  0.84769875767125924
  0.86025392330756711  0.87354202220310295  0.88767675201752405  0.90298416212174881
  0.91986329465231120  0.93940710639195490  0.96459338983873733  1.00000000000000000
 -0.00245171346363836  0.00952195544545853  0.01964753704727455  0.03016444425574571
  0.04075155912023345  0.05141752308786996  0.06208466384625602  0.07272544824111818
  0.08315626131267397  0.09355273633045089  0.10407469255572838  0.11479911659713650
  0.12554061516435469  0.13630222300851338  0.14699211158240200  0.15769863255087507
  0.16839190965760231  0.17908069660901352  0.18973098075405706  0.20033545504365360
  0.21092951273839775  0.22150711399078829  0.23202444320217505  0.24263082004911415
  0.25323862850550205  0.26386385676454682  0.27450101756796202  0.28515304472136505
  0.29579478877145238  0.30638533064959861  0.31701315737362534  0.32762807886324719
  0.33822987990886788  0.34877826872793977  0.35937479825129054  0.36990728711225990
  0.38043165341762181  0.39090061512736402  0.40132897327189571  0.41183738891061777
  0.42236259602383630  0.43285923484763555  0.44330150672830571  0.45367940750553665
  0.46413409475038886  0.47463118957115497  0.48521600731064063  0.49581828034589370
  0.50627716715057869  0.51672400860784140  0.52717279722719368  0.53772152743174373
  0.54830505844159427  0.55892393834487453  0.56955412427354302  0.58001475827701221
  0.59046565045256505  0.60098299602259342  0.61158975916686342  0.62217158531081285
  0.63271022528019416  0.64327549582419896  0.65390147626193129  0.66445585669997020
  0.67510210854462971  0.68576859210329499  0.69633642044747057  0.70678667247679361
  0.71716630659398894  0.72758752129848503  0.73808873356444982  0.74856077205175320
  0.75919486291906568  0.76977782478644252  0.78028101766459346  0.79071937559163186
  0.80118840501101007  0.81171074138129218  0.82213610382545455  0.83243338716958770
  0.84279787249823690  0.85319504924898737  0.86361295795093207  0.87407831809165770
  0.88462013520926508  0.89512139403165480  0.90565928245025062  0.91609183516720349
  0.92660114349936507  0.93705722385361034  0.94760810584878874  0.95811893857842723
  0.96858569925398785  0.97901941147839222  0.98953992662676094  1.00000000000000000
   4.8683145214348970E-009  -1.0000000000000000     
 F F F F F F F F
  <DiscreteSampler_grid>
  grouped_processes
  1 # 1 for a reference and 2 for a running grid.
  10 # Attribute 'min_bin_probing_points' of the grid.
  1 # Attribute 'grid_mode' of the grid. 1=='default',2=='initialization'
  0.0000000000000000 # Attribute 'small_contrib_threshold' of the grid.
  0.5000000000000000 # Attribute 'damping_power' of the grid.
 # binID   n_entries weight   weight_sqr   abs_weight
    10   10   3.807697342961058E+004   1.834978655823859E+009   3.807697342961058E+004
  </DiscreteSampler_grid>
