 -0.00656350681683146  0.03500441814946920  0.06026403803016551  0.07992061493221950
  0.09684924894923110  0.11218355207568337  0.12634385088107369  0.13966516621597905
  0.15223644064122460  0.16431734424653099  0.17586168079557118  0.18708634977060606
  0.19787843172825778  0.20844030359689070  0.21866167188847097  0.22870864779109210
  0.23848597162200705  0.24812203498236010  0.25754881977350358  0.26685392156695925
  0.27600282843712609  0.28503353340963061  0.29394665242442858  0.30274219875441288
  0.31144950988318887  0.32004872857843009  0.32856749242165950  0.33700349047022032
  0.34535451743485218  0.35365158843194983  0.36187353314067339  0.37004591674780851
  0.37816518685859324  0.38623143808623761  0.39425905915764486  0.40223579405238657
  0.41017467767752513  0.41807809466480556  0.42594756318814353  0.43379456623824297
  0.44161922846101359  0.44942257453621193  0.45720783169422341  0.46497978955592389
  0.47273884582771053  0.48049447241221521  0.48824142684081212  0.49598953043247718
  0.50373264296319342  0.51147976069344658  0.51922902652141190  0.52699072836022276
  0.53476219748579323  0.54254290979399455  0.55033762992928303  0.55814568170838152
  0.56597459656437921  0.57383037056142416  0.58171249615643272  0.58963090688156006
  0.59758160119971204  0.60556294279358236  0.61359536125509040  0.62166355515169880
  0.62978185325689129  0.63794649341991649  0.64615926497193055  0.65444882119018710
  0.66279748859123255  0.67123025910989198  0.67974313149234677  0.68833623040407255
  0.69702972789181727  0.70581065136618404  0.71470332368725520  0.72371558218054044
  0.73285040300966064  0.74214000611038966  0.75155703093545168  0.76118933685811019
  0.77097618395936174  0.78104203074262413  0.79127294028685313  0.80183357587113002
  0.81261410317032468  0.82382755751059689  0.83535721338303437  0.84742830500750943
  0.85998716638857631  0.87328026189827790  0.88742245280371645  0.90274007241333787
  0.91964349123353084  0.93920866957689098  0.96439787323460713  1.00000000000000000
 -0.00253191141479327  0.00972481814299866  0.01993742440763383  0.03062776520631965
  0.04130754666736836  0.05185581251283320  0.06240705627757695  0.07311555218791736
  0.08382522567064206  0.09429420231516496  0.10471046702606812  0.11515406544309009
  0.12554832452332451  0.13595398577496920  0.14630359198111334  0.15679030651679196
  0.16722516819683109  0.17770542555397909  0.18815297798061045  0.19859811158224852
  0.20905113970227349  0.21949425766803321  0.22998889794714525  0.24040956111916267
  0.25083832929482985  0.26122412611963908  0.27160710741230470  0.28198126298576520
  0.29236113299408328  0.30278628137264951  0.31325905369236084  0.32367590181274941
  0.33421049311755407  0.34470931542483113  0.35518698152561073  0.36564899480326807
  0.37617039411805164  0.38674079137726619  0.39736177797892797  0.40804662092516769
  0.41868740347464367  0.42915131093009079  0.43968143921888941  0.45017582078116658
  0.46082307816556811  0.47131499489490403  0.48181821185551749  0.49231033149776404
  0.50288758956017743  0.51347239385165899  0.52395075083444520  0.53441487833136281
  0.54493065769880922  0.55556007024790521  0.56618644267903173  0.57680959381977370
  0.58740950686544646  0.59793801387667644  0.60852015264276260  0.61903725053150271
  0.62957017580973795  0.64010017252527840  0.65059307198705507  0.66108214029214996
  0.67162596740294589  0.68223842332072382  0.69288803404803212  0.70344953129747578
  0.71401323949713424  0.72458133066951602  0.73515550642364658  0.74570223462690988
  0.75621424748547506  0.76680574948849300  0.77750428593361687  0.78826670573047442
  0.79889485485629741  0.80948313589494725  0.82002024307584653  0.83048853599116523
  0.84106513541791628  0.85162806165439964  0.86241213781524684  0.87320721182864380
  0.88393835449970537  0.89472976124210513  0.90520729256334809  0.91575174788997638
  0.92624365026267574  0.93668797469419796  0.94714502634328646  0.95753608473627794
  0.96820318058067290  0.97883814179705997  0.98942903031209262  1.00000000000000000
   2.0350052343219198E-007  -1.0000000000000000     
 F F F F F F F F
  <DiscreteSampler_grid>
  grouped_processes
  1 # 1 for a reference and 2 for a running grid.
  10 # Attribute 'min_bin_probing_points' of the grid.
  1 # Attribute 'grid_mode' of the grid. 1=='default',2=='initialization'
  0.0000000000000000 # Attribute 'small_contrib_threshold' of the grid.
  0.5000000000000000 # Attribute 'damping_power' of the grid.
 # binID   n_entries weight   weight_sqr   abs_weight
    10   10   2.112800082302859E+005   5.245876917656439E+010   2.112800082302859E+005
  </DiscreteSampler_grid>
