 -0.00644550984549213  0.03519595557038335  0.06040712935273509  0.08004636914630105
  0.09697754737761038  0.11233590192590713  0.12650192619465467  0.13983216431526385
  0.15239820727887032  0.16447168945023941  0.17600489837138655  0.18723225877674329
  0.19801562216045232  0.20857516529303219  0.21879216621511122  0.22885485382563855
  0.23864874058122038  0.24830481003410898  0.25774519333284379  0.26706071451357510
  0.27620992031701153  0.28524110972533467  0.29414541532116290  0.30293438252077115
  0.31162899821953549  0.32022145272232000  0.32874069048577359  0.33717854384996993
  0.34552532101981570  0.35381260984739116  0.36202307518701504  0.37019182293074715
  0.37830885203378400  0.38637563794994412  0.39440233359577270  0.40238081149572108
  0.41032444855928679  0.41823423522199249  0.42611139245881863  0.43396793116985449
  0.44180361992104883  0.44961918239780063  0.45741882598136929  0.46520155235860638
  0.47296919296940615  0.48073034232319156  0.48847820401745512  0.49622362069414799
  0.50396437448366571  0.51169887325142005  0.51944275419952146  0.52719626005523268
  0.53496446156577582  0.54274341581890528  0.55053225022598307  0.55833353065483804
  0.56615360448375862  0.57399986018960081  0.58187166156587700  0.58977867648256133
  0.59772049514456205  0.60569697865864924  0.61372546878443546  0.62178778829165082
  0.62990643669326940  0.63807706422045529  0.64629756167039765  0.65459026936215881
  0.66293515838472605  0.67136528312259836  0.67987517770823425  0.68846214450367682
  0.69715381376050878  0.70593862174963817  0.71484673274022115  0.72387769157222759
  0.73303240508336953  0.74234421625674407  0.75178566244695844  0.76143106671907479
  0.77121313875891906  0.78125180069293687  0.79146314736057277  0.80202054006751455
  0.81280218356785494  0.82401188319690488  0.83553575881569986  0.84760587010012078
  0.86017551709950490  0.87348411029301531  0.88763385886106516  0.90294554497676571
  0.91981766134446563  0.93931089161588988  0.96443165891339999  1.00000000000000000
 -0.00250617674811811  0.00950651571965372  0.01962804784239087  0.03011442683720051
  0.04063998832204570  0.05115451195711607  0.06165108713587283  0.07216643892938128
  0.08271178830916685  0.09321775958219529  0.10365904765527019  0.11410725896471267
  0.12454173754147249  0.13500072653817807  0.14548033652349768  0.15612121407537219
  0.16674326433125897  0.17730770216811509  0.18785974564613248  0.19836982040000919
  0.20883396216370564  0.21927069534912888  0.22966477904060190  0.24015654480054915
  0.25052592383087618  0.26102910897676124  0.27163108643242739  0.28227553273691075
  0.29286481980996293  0.30327833281926414  0.31373282312921130  0.32419266549645903
  0.33465095595121386  0.34515070881691495  0.35568096784314041  0.36634881423724958
  0.37683249703006561  0.38728431311312950  0.39761056214495399  0.40807881473576052
  0.41854424036123195  0.42915744133758948  0.43966920988915392  0.45018098886483016
  0.46060067744201166  0.47110641801777736  0.48158012246274490  0.49206939901889041
  0.50258416264972727  0.51307687027590521  0.52348640785819789  0.53389740764974736
  0.54435665894099350  0.55503555489330392  0.56564978583901648  0.57628638205010652
  0.58685482586954318  0.59753719160719898  0.60820258545974848  0.61891232342928804
  0.62955029009953034  0.64019893540910888  0.65083898998588385  0.66148382634494640
  0.67215413893218523  0.68279176457981394  0.69343520611618958  0.70403648656648743
  0.71462682791773380  0.72523839469268769  0.73576394409540724  0.74622814334119958
  0.75658954585696725  0.76699528751682267  0.77744680895822504  0.78795914098768405
  0.79844415682097369  0.80892945380988179  0.81940399918941931  0.82999309481823547
  0.84051229242560621  0.85108776102922323  0.86166069306009219  0.87235840688387434
  0.88309674168369179  0.89382627939565551  0.90443664307479876  0.91497074796076128
  0.92554918347260828  0.93615470241431542  0.94679387584940844  0.95755224010784146
  0.96827701324722959  0.97902697001015448  0.98949293497879787  1.00000000000000000
   7.9370375963225128E-008  -1.0000000000000000     
 F F F F F F F F
  <DiscreteSampler_grid>
  grouped_processes
  1 # 1 for a reference and 2 for a running grid.
  10 # Attribute 'min_bin_probing_points' of the grid.
  1 # Attribute 'grid_mode' of the grid. 1=='default',2=='initialization'
  0.0000000000000000 # Attribute 'small_contrib_threshold' of the grid.
  0.5000000000000000 # Attribute 'damping_power' of the grid.
 # binID   n_entries weight   weight_sqr   abs_weight
    10   10   3.395264556839355E+005   1.351884275404721E+011   3.395264556839355E+005
  </DiscreteSampler_grid>
