 -0.00625784574719083  0.03470557030465134  0.05982727470258376  0.07946549076367390
  0.09643224036931926  0.11181456388874463  0.12601028046764565  0.13936153430429155
  0.15195597160060439  0.16405581123525231  0.17561197087967115  0.18684939336280967
  0.19765327956315221  0.20823283487876554  0.21846745372786974  0.22853948471892421
  0.23833382697137082  0.24798511983839294  0.25742459803763362  0.26674065450835160
  0.27589595800360106  0.28492641664714691  0.29383767283485207  0.30263872827559135
  0.31135404473874873  0.31996069502588265  0.32849026141713727  0.33693971760644142
  0.34530212856938997  0.35360429080196742  0.36182634838646510  0.36999847472810687
  0.37812367541215181  0.38620041096413910  0.39424258967365555  0.40223108007372643
  0.41018290693358128  0.41810325572161205  0.42599220290852258  0.43386005926250770
  0.44170304846462188  0.44952324821067235  0.45732576315537388  0.46511073235520528
  0.47287811541254388  0.48063477668012511  0.48838274674887133  0.49612894040499239
  0.50387820072335643  0.51162720196389544  0.51938286987037852  0.52714643641162651
  0.53491568500513342  0.54269038827828531  0.55047732276242067  0.55828341414057892
  0.56611346053552181  0.57396791218300180  0.58184115243094447  0.58974562002247033
  0.59768647071989045  0.60566538096363431  0.61369742071575184  0.62176002721942825
  0.62988102199513885  0.63805803439028252  0.64628717357702536  0.65459343282504212
  0.66294843085134358  0.67138769989826019  0.67989758013068791  0.68848362561491883
  0.69717700693759543  0.70596388062292770  0.71487080295447081  0.72389666472636160
  0.73304241327107567  0.74234759033385578  0.75178576238157568  0.76142252823551704
  0.77120544136180513  0.78125134767525828  0.79148465768446741  0.80204135975621782
  0.81282180448141261  0.82402599621684758  0.83556328715561123  0.84764412930820721
  0.86022067546196179  0.87353363947044860  0.88770313992266170  0.90303111937147218
  0.91991626784465552  0.93944555807836472  0.96460102390425984  1.00000000000000000
 -0.00237622536164027  0.00934678398890644  0.01945197827790180  0.02997570758503347
  0.04055933471233936  0.05120852488324978  0.06183218944201672  0.07244043087952647
  0.08302912316792455  0.09359626173950045  0.10421345437787044  0.11478470271978031
  0.12533332496339952  0.13586280682791602  0.14648943124559505  0.15717250422702320
  0.16780868609256896  0.17828943206055511  0.18880946178505326  0.19933948275873301
  0.20993623049994270  0.22048498409459755  0.23102346299854301  0.24148638982826695
  0.25197364849148662  0.26243266606221954  0.27295500578453352  0.28338820180307511
  0.29390326505403913  0.30449008590425630  0.31504565139027463  0.32551352879735507
  0.33598969655355698  0.34656987052325677  0.35713651731285811  0.36761306953399830
  0.37811306797398225  0.38864827051641254  0.39920147826759084  0.40967723961683106
  0.42018795990816327  0.43071719547685761  0.44122374829440730  0.45166389559738040
  0.46205851427759931  0.47247759471241074  0.48294760437840878  0.49337612513568729
  0.50381029797930577  0.51420274601827431  0.52472328576136007  0.53524762806687787
  0.54587822370115457  0.55660236219224468  0.56738043893811463  0.57803784126743407
  0.58860950024480707  0.59910324454735564  0.60963776255891888  0.62011688072209781
  0.63058664708689693  0.64105425955696660  0.65143572317119047  0.66193779568841948
  0.67243341132036261  0.68301077494838436  0.69354546213723200  0.70405074065202411
  0.71455903460369607  0.72501874087443263  0.73561165447116605  0.74624374046874498
  0.75689962303077529  0.76749473188406869  0.77807042347042077  0.78867834122889713
  0.79928528641695595  0.80984078533710946  0.82037283544023976  0.83089672339657294
  0.84137251009601732  0.85181212350852120  0.86231941731195627  0.87293562265114344
  0.88350595425009371  0.89405018245597612  0.90475210312817167  0.91548423783179744
  0.92616319218045084  0.93674877748539065  0.94740753839569447  0.95806543638590158
  0.96858449241939182  0.97912714558043457  0.98956174888407200  1.00000000000000000
   7.6464553349135304E-008  -1.0000000000000000     
 F F F F F F F F
  <DiscreteSampler_grid>
  grouped_processes
  1 # 1 for a reference and 2 for a running grid.
  10 # Attribute 'min_bin_probing_points' of the grid.
  1 # Attribute 'grid_mode' of the grid. 1=='default',2=='initialization'
  0.0000000000000000 # Attribute 'small_contrib_threshold' of the grid.
  0.5000000000000000 # Attribute 'damping_power' of the grid.
 # binID   n_entries weight   weight_sqr   abs_weight
    10   10   2.824257772771035E+005   9.417539891900003E+010   2.824257772771035E+005
  </DiscreteSampler_grid>
