 -0.00648013293293246  0.03497890683562692  0.06017246377033912  0.07980697822100009
  0.09679548039072632  0.11218906648765548  0.12638501071536223  0.13972332948019875
  0.15229765343627100  0.16437810386673449  0.17590778347738076  0.18711832774255852
  0.19789756822616528  0.20846048645594850  0.21868406541367158  0.22874633308177697
  0.23853500888171350  0.24817554310318241  0.25760201964456575  0.26690532103192149
  0.27605750300259141  0.28509121725728015  0.29400332463127726  0.30279545166641847
  0.31149275291129486  0.32007546153475497  0.32857582156559761  0.33699673403292663
  0.34534097650460555  0.35363666439048363  0.36185537224152703  0.37002439744781856
  0.37814040080023548  0.38621103360134573  0.39424259893395464  0.40221763856238152
  0.41015526480793196  0.41806154062540074  0.42593572110510480  0.43378671701894289
  0.44161310654585467  0.44941787233315211  0.45720794502623829  0.46498383148549338
  0.47274879499847328  0.48051052883962653  0.48826591763947857  0.49601497874715461
  0.50375911387427064  0.51150428547885429  0.51924429897145874  0.52699734474827198
  0.53475068659608438  0.54251772758896799  0.55030160480156420  0.55810383341148750
  0.56593315878991401  0.57378795608228850  0.58166615676584754  0.58957967151731105
  0.59752846963489137  0.60551326660887483  0.61354451835344392  0.62160925328624883
  0.62972561463651977  0.63789595384560027  0.64611976752366362  0.65441903378752819
  0.66277288689371594  0.67120886909935240  0.67972503247834848  0.68831787614251261
  0.69701445545697127  0.70580060782994025  0.71470054043564668  0.72372158459383806
  0.73286376078547644  0.74216811087686752  0.75159981394328712  0.76124268090815983
  0.77102746680359791  0.78108713882839786  0.79130659114009672  0.80187173806587786
  0.81266014205594084  0.82389074311837374  0.83542639307411060  0.84749344132831972
  0.86003872311283491  0.87333628050078826  0.88748391363659362  0.90281826681184196
  0.91972764146865460  0.93928066743817662  0.96446588927054033  1.00000000000000000
 -0.00250415294214531  0.00971046041792351  0.01999348192610386  0.03047380919852224
  0.04093145384074469  0.05142993585599535  0.06199873757664709  0.07258768510751115
  0.08300514549340618  0.09338741873550423  0.10378887000945831  0.11427000554191920
  0.12490498751954980  0.13556928138715524  0.14616078914958400  0.15669084532451433
  0.16712995086638552  0.17760474059108369  0.18805966153267495  0.19860213552588396
  0.20915813928218874  0.21970533406862133  0.23024245487468595  0.24078998793337572
  0.25134473064590429  0.26185135993517022  0.27235004954221725  0.28283940488564424
  0.29333314820714823  0.30383164440654653  0.31426415195413587  0.32466703929757890
  0.33513567429600311  0.34565282468337449  0.35616600338301785  0.36670562667783707
  0.37721985355077375  0.38784623389825074  0.39839944994073456  0.40900760052290963
  0.41966289326100908  0.43040333821697374  0.44105695508608228  0.45158356892556040
  0.46212695496733497  0.47267025866649809  0.48323758547862516  0.49365829480269025
  0.50402666791764117  0.51444835856608873  0.52487087335913463  0.53547826786253327
  0.54603269471729765  0.55663482484065252  0.56718457362054753  0.57773941666132844
  0.58824414093375499  0.59873226165118321  0.60925482287135824  0.61977655035473633
  0.63026511820154141  0.64080994881425124  0.65138524983944379  0.66208976457070012
  0.67266976809462287  0.68333474630538005  0.69388580061680349  0.70452033209806464
  0.71514723865583096  0.72573175289463965  0.73634575827536874  0.74694370035390645
  0.75755012702022761  0.76812164369809099  0.77868126076743927  0.78927081912187835
  0.79978637037386691  0.81030275131019380  0.82079376176857843  0.83134531494220565
  0.84206226163135511  0.85265050866507230  0.86322450076866908  0.87352762580336640
  0.88403902185026773  0.89456244879754110  0.90513039584148647  0.91571333277856870
  0.92620817032694647  0.93677266165154005  0.94723866319532490  0.95774939337189013
  0.96826173023054796  0.97877557276046556  0.98938223037798789  1.00000000000000000
   4.0848263052491979E-009  -1.0000000000000000     
 F F F F F F F F
  <DiscreteSampler_grid>
  grouped_processes
  1 # 1 for a reference and 2 for a running grid.
  10 # Attribute 'min_bin_probing_points' of the grid.
  1 # Attribute 'grid_mode' of the grid. 1=='default',2=='initialization'
  0.0000000000000000 # Attribute 'small_contrib_threshold' of the grid.
  0.5000000000000000 # Attribute 'damping_power' of the grid.
 # binID   n_entries weight   weight_sqr   abs_weight
    10   10   3.872401948216038E+004   1.856512879093505E+009   3.872401948216038E+004
  </DiscreteSampler_grid>
