 -0.00633342641264803  0.03545861442803538  0.06068198505286570  0.08024844194393672
  0.09714134711017383  0.11247350942552588  0.12663277664848763  0.13993624157785681
  0.15251502963823937  0.16459321494889251  0.17613052224372880  0.18734580648897811
  0.19814243421935435  0.20871600293516565  0.21894334091465184  0.22899682542622768
  0.23877965389653916  0.24841934833553367  0.25784694635412253  0.26714570734621884
  0.27628515508801349  0.28530467979655466  0.29420121498412899  0.30297837087953156
  0.31166870884033926  0.32025874501176105  0.32877561617517409  0.33721156416460474
  0.34556248437476461  0.35385709001633336  0.36207708659053595  0.37024844750027924
  0.37836761531721097  0.38643210768607750  0.39445761812116226  0.40243157578686062
  0.41037260096725908  0.41828272141310219  0.42616210166293583  0.43401994184870896
  0.44185417851224890  0.44966647059505510  0.45745836936442913  0.46523318597509333
  0.47299616405501621  0.48075304903443189  0.48849570819189952  0.49623222006975815
  0.50396978115076707  0.51171872193128898  0.51947012926316216  0.52722684705203005
  0.53498577056053020  0.54276086690571723  0.55055645152674260  0.55837322130094191
  0.56621159316051406  0.57406754155824513  0.58193684770200171  0.58983209748319754
  0.59775824719500681  0.60572127412031840  0.61373957228670883  0.62179566591426116
  0.62990822090212184  0.63807631849732360  0.64629406891333629  0.65458281878465319
  0.66292573593141413  0.67135538878433987  0.67987396203115946  0.68846693184105712
  0.69716066566227752  0.70594095978945137  0.71483770740141694  0.72385105872774835
  0.73298581971951460  0.74227669537683538  0.75170310729291934  0.76133249967477934
  0.77111035943613049  0.78115883679880538  0.79139627690226988  0.80196970763902709
  0.81277201569754232  0.82397994418005471  0.83551017034310349  0.84756347793929387
  0.86011307060291531  0.87339164652338253  0.88754018059974615  0.90288227954771305
  0.91978302972267623  0.93927268367124639  0.96438357442436817  1.00000000000000000
 -0.00263192945454563  0.00982264423748645  0.02015062506080257  0.03056868494611080
  0.04092955313226467  0.05132940431646602  0.06174450112516990  0.07212647748170288
  0.08244158095519587  0.09291611305141595  0.10338860213005611  0.11385269115334323
  0.12425787568826267  0.13466382252912482  0.14515338108630221  0.15561054042909303
  0.16616578837999979  0.17664439324275050  0.18718770257424780  0.19771660608265063
  0.20824200314140445  0.21886864819230703  0.22954060243350177  0.24026523474540804
  0.25096639669294268  0.26164928572057372  0.27218983637439520  0.28265324252371699
  0.29307726358134645  0.30351837172541979  0.31398482895893692  0.32456296000567458
  0.33516576565157025  0.34582237236075619  0.35638568224340217  0.36698240845013380
  0.37749906438273545  0.38801809109789737  0.39849920541743250  0.40898192818464019
  0.41947391830357056  0.42993611043694824  0.44039250914230504  0.45083077084380496
  0.46131660441148431  0.47178186291094470  0.48217947835307667  0.49259894193567844
  0.50308829009324452  0.51362186700547208  0.52416699113911169  0.53465904154839206
  0.54519935329153957  0.55581751325650797  0.56640183432796998  0.57699632758763353
  0.58751640194788990  0.59806079356211972  0.60860244598215396  0.61911814757335615
  0.62967209375868283  0.64024429199930011  0.65090828561636493  0.66153806326580189
  0.67203266895553626  0.68253431069656745  0.69304457621680138  0.70360099765588857
  0.71426216299010059  0.72496269031823979  0.73564635881359097  0.74621289369535782
  0.75681526157839030  0.76745445013864788  0.77799707734599011  0.78851688728173386
  0.79915029095493484  0.80982047243715372  0.82041033947652298  0.83095904232860640
  0.84142445985063674  0.85203699188891391  0.86258189965106746  0.87316069115323025
  0.88360531998439562  0.89413452140763860  0.90469571495612233  0.91534642763710228
  0.92589933629234800  0.93651696936464135  0.94711709053191306  0.95777085538968243
  0.96841258868045665  0.97896417265715197  0.98948716161835759  1.00000000000000000
   5.1616937122114796E-008  -1.0000000000000000     
 F F F F F F F F
  <DiscreteSampler_grid>
  grouped_processes
  1 # 1 for a reference and 2 for a running grid.
  10 # Attribute 'min_bin_probing_points' of the grid.
  1 # Attribute 'grid_mode' of the grid. 1=='default',2=='initialization'
  0.0000000000000000 # Attribute 'small_contrib_threshold' of the grid.
  0.5000000000000000 # Attribute 'damping_power' of the grid.
 # binID   n_entries weight   weight_sqr   abs_weight
    10   10   6.420438124937629E+005   4.233623520174627E+011   6.420438124937629E+005
  </DiscreteSampler_grid>
