 -0.00641189042558904  0.03518042961890026  0.06037852340538923  0.07997666374145139
  0.09686012234459249  0.11215273444545747  0.12626793758619853  0.13956586481418198
  0.15214038071164321  0.16423019189333210  0.17576356658297107  0.18697915997266307
  0.19778280929796685  0.20836099392914736  0.21857931156736235  0.22862112619210834
  0.23839704564681635  0.24803123766460125  0.25746033160400505  0.26675535154036328
  0.27589765474920930  0.28491570275347661  0.29381942617318013  0.30261195917752670
  0.31130834739153129  0.31990256133766576  0.32841286103469280  0.33684111308018139
  0.34518489507573180  0.35348247580160502  0.36171129167828681  0.36988944922017164
  0.37801391226914272  0.38608039539476702  0.39411630730204039  0.40210089788305836
  0.41005589216167704  0.41797670904672651  0.42585910787815900  0.43371641564382962
  0.44154780661920129  0.44936028365661218  0.45715597297827698  0.46493476418219032
  0.47270072239657401  0.48045876658613895  0.48820487832205761  0.49594871929424400
  0.50367998184780416  0.51142876032845652  0.51917971686238817  0.52694456128203271
  0.53471853673848757  0.54250238693460018  0.55029879577000662  0.55811176339196766
  0.56594973566470297  0.57381295490372064  0.58169347729533838  0.58960089688544903
  0.59753931093537382  0.60551128042509084  0.61353499499399800  0.62160271980097048
  0.62972450324789864  0.63790527689918408  0.64613025334440632  0.65442625703910817
  0.66278174960815661  0.67121516220021249  0.67972873777180243  0.68831757376296365
  0.69701756251713465  0.70581403206591864  0.71472647886852947  0.72376072386232670
  0.73291506358892200  0.74221912081491304  0.75165047711398636  0.76128317138081769
  0.77105908494233100  0.78110886926300727  0.79132372565706799  0.80188982923353280
  0.81266286336942084  0.82387100946992664  0.83539220564140981  0.84746820374279996
  0.86005640544979101  0.87339604832508255  0.88754773579549107  0.90283864959492099
  0.91969146008784219  0.93920789764663615  0.96440786699921865  1.00000000000000000
 -0.00226668095315063  0.00962363936495327  0.01965261649623139  0.03001469711344660
  0.04038862556747592  0.05086047336414377  0.06126793866870481  0.07157342655443087
  0.08198204220831538  0.09250384721440398  0.10312317789298397  0.11360321488200627
  0.12410499996983429  0.13470037714977864  0.14524837519647027  0.15577186647548388
  0.16619388841721303  0.17651914602202179  0.18688992697478382  0.19728717479171062
  0.20780546406383124  0.21825802025841706  0.22876351563088276  0.23916966869210504
  0.24956315382867228  0.26008525722228837  0.27058796472068203  0.28134721802365992
  0.29209997239318453  0.30302649677871835  0.31382247304210253  0.32471094319923821
  0.33553397507223937  0.34628448501703218  0.35695017619387276  0.36752488494101232
  0.37814099672754464  0.38872832338007585  0.39928851767849799  0.40982373571475600
  0.42035945516324563  0.43090900468323695  0.44146992673215157  0.45202245495439947
  0.46266854523361739  0.47319557884237035  0.48383974203985430  0.49457207883377746
  0.50533230539064999  0.51604397186121254  0.52663492753188590  0.53718210747781159
  0.54757031895642760  0.55794630843812654  0.56844365943576269  0.57890775076972711
  0.58932628064402315  0.59965120468028299  0.61015805508388521  0.62072321848039114
  0.63150997098471928  0.64235657571495608  0.65318437452301059  0.66407058125478491
  0.67484996332341030  0.68571029698592567  0.69623251573722800  0.70677721157523510
  0.71725085247749265  0.72779479664056312  0.73820997381025877  0.74860156262089161
  0.75906086422380692  0.76955687919113358  0.77998128075958884  0.79034564597734958
  0.80088552409270641  0.81142264492894545  0.82177165029538168  0.83199425994169385
  0.84236980340551726  0.85267307530557390  0.86306308801003606  0.87337990810310384
  0.88376292597771111  0.89409204292502764  0.90448123653032431  0.91489706620695277
  0.92544013491412180  0.93596965525574660  0.94663752958990877  0.95745463055453561
  0.96831046975287915  0.97905329140998498  0.98948918072883651  1.00000000000000000
   9.6807455992981944E-007  -1.0000000000000000     
 F F F F F F F F
  <DiscreteSampler_grid>
  grouped_processes
  1 # 1 for a reference and 2 for a running grid.
  10 # Attribute 'min_bin_probing_points' of the grid.
  1 # Attribute 'grid_mode' of the grid. 1=='default',2=='initialization'
  0.0000000000000000 # Attribute 'small_contrib_threshold' of the grid.
  0.5000000000000000 # Attribute 'damping_power' of the grid.
 # binID   n_entries weight   weight_sqr   abs_weight
    10   10   2.140936347938963E+005   5.132372798629591E+010   2.140936347938963E+005
  </DiscreteSampler_grid>
