 -0.00651145596047950  0.03548841990777260  0.06063004162925760  0.08016268591507904
  0.09708366948418466  0.11243436628252700  0.12659793746245401  0.13988904872684368
  0.15244429394788814  0.16450048203652506  0.17602695306226490  0.18723739069232864
  0.19803211698195131  0.20860417617760169  0.21882933918073719  0.22888625964078280
  0.23866281156664310  0.24829869603224825  0.25772836536951005  0.26703002789663161
  0.27617360787219986  0.28519220648627391  0.29409591556542092  0.30287449359482532
  0.31156076121028742  0.32014408431556779  0.32865467375593116  0.33708794384618906
  0.34543154475769100  0.35372491722891974  0.36194405874875757  0.37012097346779321
  0.37824333607471133  0.38631292952693186  0.39434279951178408  0.40231942762655137
  0.41026267926043214  0.41817712630810039  0.42606078242289813  0.43392057386517885
  0.44175240767431662  0.44955774337310028  0.45734560823575898  0.46512122010153778
  0.47288511718649573  0.48064828518758207  0.48840080944245157  0.49615074385726921
  0.50389131878700488  0.51163411866857822  0.51938033911515080  0.52714205431955208
  0.53491196962300858  0.54269694330297746  0.55049907229722739  0.55831647130200202
  0.56615348359970563  0.57401266755847513  0.58189521237935482  0.58981293122380352
  0.59776238495845258  0.60574490449153218  0.61378244160344908  0.62185703646550505
  0.62997715143730315  0.63814307046645691  0.64635283329124849  0.65464061470679979
  0.66298441685235232  0.67141214312252229  0.67992338084434123  0.68851837023389872
  0.69721994404251508  0.70601023056974876  0.71491634257365733  0.72394151427586761
  0.73309272636180023  0.74239303564718118  0.75181649344039270  0.76144623443593784
  0.77122443705452215  0.78127518337002211  0.79149803797016260  0.80206910294897926
  0.81287340155659438  0.82410091719685596  0.83564765653563278  0.84772300608908635
  0.86030331183183650  0.87362677419635715  0.88779767732895265  0.90312154957827706
  0.92002284825718128  0.93955607654349893  0.96472137442151862  1.00000000000000000
 -0.00209718841198380  0.00959325227351640  0.01963601186795524  0.03019314248887054
  0.04078521941612542  0.05131067296420150  0.06182551352158681  0.07245360369790171
  0.08301757329422484  0.09350048742802862  0.10393962475930407  0.11440414361774065
  0.12485722351175363  0.13528497579844509  0.14568190973571624  0.15628828990385107
  0.16679342311365272  0.17739378891779026  0.18793295312540345  0.19864751005078848
  0.20930060493563885  0.21977248031197394  0.23016237102119166  0.24058602694551548
  0.25089699123211617  0.26140254152472281  0.27190492853219789  0.28254221028276783
  0.29302447877215498  0.30361982434379570  0.31422426639811146  0.32484221645066391
  0.33546619366771385  0.34604749905858906  0.35677635187352397  0.36732980139332744
  0.37807089783377651  0.38854167851298843  0.39910854119809847  0.40943323187400327
  0.41986229192892222  0.43032618364083169  0.44083257685045085  0.45137671653325639
  0.46191363914398748  0.47249299973298481  0.48297397663136432  0.49342270973292474
  0.50392639064869904  0.51449578591015299  0.52507351699165983  0.53563777812488600
  0.54617679953389076  0.55682024628407656  0.56742734205351386  0.57812906820083554
  0.58871940964470248  0.59935963469163056  0.61000618174280996  0.62060314619680623
  0.63111992440623177  0.64163239455983290  0.65216294344780934  0.66268085308780111
  0.67314492861839159  0.68378044616998501  0.69442163121850320  0.70511000332410179
  0.71576307097992320  0.72642656939451300  0.73702026231886397  0.74757095039692245
  0.75811535118272055  0.76866594426082779  0.77910038047187646  0.78966384794797084
  0.80021019650335168  0.81079438835566087  0.82121229552723896  0.83159790877615014
  0.84205822035462952  0.85248362095232566  0.86292615358096059  0.87332886676921540
  0.88377832343545459  0.89420753247362450  0.90473704877794403  0.91516823730594532
  0.92576724599012294  0.93627536179454895  0.94702221184299595  0.95774104718948561
  0.96845486278286042  0.97901271137945323  0.98953400906229150  1.00000000000000000
   2.4189339959817011E-007  -1.0000000000000000     
 F F F F F F F F
  <DiscreteSampler_grid>
  grouped_processes
  1 # 1 for a reference and 2 for a running grid.
  10 # Attribute 'min_bin_probing_points' of the grid.
  1 # Attribute 'grid_mode' of the grid. 1=='default',2=='initialization'
  0.0000000000000000 # Attribute 'small_contrib_threshold' of the grid.
  0.5000000000000000 # Attribute 'damping_power' of the grid.
 # binID   n_entries weight   weight_sqr   abs_weight
    10   10   2.043528435972283E+005   5.238701887999345E+010   2.043528435972283E+005
  </DiscreteSampler_grid>
