 -0.00646604521990341  0.03484662241259372  0.06012011998444999  0.07978264490581687
  0.09674175976178773  0.11211294824947640  0.12628238481891502  0.13959014045012294
  0.15214880963041968  0.16421720561030551  0.17575713825647885  0.18698556889552120
  0.19779612332502267  0.20837642127039041  0.21860481858488931  0.22865971301443236
  0.23845289042731713  0.24810202686621416  0.25753999407236561  0.26684101788094045
  0.27598196666167552  0.28499918526924295  0.29389755157209968  0.30267941449759356
  0.31137159886488747  0.31996371599110957  0.32847780490007916  0.33691368915549769
  0.34526318088644975  0.35356203033430184  0.36178956744518775  0.36997119540456902
  0.37810094811995770  0.38617442765635296  0.39420958541715445  0.40219420758356100
  0.41014136940032453  0.41805383914646099  0.42593124803747467  0.43378609818995234
  0.44162057492055246  0.44943306873180094  0.45722789130850722  0.46500948948471044
  0.47277598196621806  0.48053753092069929  0.48828796534143404  0.49602965425645656
  0.50377096432634449  0.51151117460325246  0.51925273911776526  0.52700857407480073
  0.53477549628644006  0.54255873439329794  0.55035676654769261  0.55817057064421216
  0.56600489726661130  0.57386413484137710  0.58174676150468640  0.58966125076420695
  0.59760268002317041  0.60556691553272513  0.61357358522858996  0.62161698927678388
  0.62972147790100541  0.63788586533500546  0.64610635015886930  0.65440433105509022
  0.66276331217735285  0.67120071721451091  0.67971462933205251  0.68829899301883746
  0.69698882106194981  0.70577374232723167  0.71467331243589616  0.72369023325891657
  0.73283007088793606  0.74213491730910508  0.75156154260101271  0.76119394535069484
  0.77096726080040179  0.78102793133967174  0.79126009723272106  0.80182395600265410
  0.81261117569042163  0.82382623254805110  0.83536594766249606  0.84744236354130564
  0.86002573601347476  0.87334305914479482  0.88749997802421654  0.90282915904877148
  0.91972478204946106  0.93919624877164753  0.96430243245707392  1.00000000000000000
 -0.00252001358171187  0.00940592440305290  0.01954692629529159  0.03011820727173523
  0.04073029701315845  0.05128743910182918  0.06182740936587498  0.07244724533369047
  0.08307253788851691  0.09366137876849459  0.10427438617394411  0.11488999448118058
  0.12553627300275225  0.13608314625692020  0.14659638941173775  0.15711732647088464
  0.16763134325654444  0.17814242801620606  0.18867130124930992  0.19921706394369029
  0.20982957342958602  0.22038385928816334  0.23090796102849492  0.24137595157927033
  0.25184889629812035  0.26238894197732754  0.27296681607901030  0.28355626354475716
  0.29415163177195025  0.30470100817334689  0.31527955079858105  0.32587419750439733
  0.33640427867402678  0.34688126133510394  0.35737170111904409  0.36789824055237463
  0.37844495197775185  0.38896945274924327  0.39966471358490990  0.41040049649498800
  0.42109437935939042  0.43171057656693834  0.44232400928856114  0.45294360116012033
  0.46358423751340888  0.47409043762481257  0.48461368825777323  0.49509086101498145
  0.50567803911364106  0.51629407295431562  0.52691842840372793  0.53758101251365398
  0.54822132754762221  0.55882819582689325  0.56929630418889832  0.57972103357157911
  0.59018660342593221  0.60066776250841014  0.61109163508308850  0.62147739046428385
  0.63192999728790034  0.64242523286090347  0.65294437208106137  0.66345078973751914
  0.67409438786810993  0.68470598177017861  0.69527059736480334  0.70574646988251288
  0.71620570334515654  0.72666851844137337  0.73714985389241194  0.74771741769515410
  0.75827551991478259  0.76882969166376347  0.77933717574458872  0.78987082791270613
  0.80043000202810399  0.81104417280102525  0.82160196247519612  0.83219993302345230
  0.84262425831078880  0.85308661312982381  0.86336399202922320  0.87379231534882618
  0.88422075581351822  0.89466545562539168  0.90513240222148417  0.91563813940197425
  0.92616448235191673  0.93671692401238182  0.94722576321063878  0.95769652853619225
  0.96823798271602668  0.97875427132684589  0.98938124249087667  1.00000000000000000
   5.7504485573204170E-009  -1.0000000000000000     
 F F F F F F F F
  <DiscreteSampler_grid>
  grouped_processes
  1 # 1 for a reference and 2 for a running grid.
  10 # Attribute 'min_bin_probing_points' of the grid.
  1 # Attribute 'grid_mode' of the grid. 1=='default',2=='initialization'
  0.0000000000000000 # Attribute 'small_contrib_threshold' of the grid.
  0.5000000000000000 # Attribute 'damping_power' of the grid.
 # binID   n_entries weight   weight_sqr   abs_weight
    10   10   4.687167542275155E+004   2.756269677737043E+009   4.687167542275155E+004
  </DiscreteSampler_grid>
