 -0.00644772999583883  0.03524714379796156  0.06045598760409179  0.08002447889210147
  0.09693888031206267  0.11227444897438055  0.12642189413765892  0.13973982751161318
  0.15231076274175037  0.16440083897228691  0.17592258681551362  0.18712607519976746
  0.19790592447536812  0.20847897574786406  0.21871370731693823  0.22878421629682752
  0.23857414100086771  0.24821991798407272  0.25764931185263917  0.26695755692218476
  0.27610714041230905  0.28513856178748881  0.29404716663339509  0.30283129162481226
  0.31152785684090778  0.32012248395432574  0.32864632847567082  0.33708197540948431
  0.34542807261044284  0.35372248797154554  0.36194288218576220  0.37011469009629439
  0.37822915614492442  0.38629407541930694  0.39432629450725476  0.40230997538645985
  0.41026177581829670  0.41818190766863006  0.42606849888083642  0.43393143091490527
  0.44176963120659574  0.44958781939372361  0.45738768015897596  0.46516898229535886
  0.47293248687408873  0.48068063212301126  0.48841757633732408  0.49614747800328041
  0.50387532316822115  0.51161020011775449  0.51935683290353007  0.52712040638094670
  0.53489188707308366  0.54267231737535160  0.55046575085312444  0.55827730927084085
  0.56611301484391718  0.57397135447669578  0.58184318322226192  0.58974394852461576
  0.59767719871802283  0.60564761500349928  0.61367650100076443  0.62172968245851468
  0.62983533837288619  0.63799092163620463  0.64619900965648325  0.65448776853774460
  0.66283048122420907  0.67126100135325950  0.67977667283513377  0.68837113679162287
  0.69706832364753302  0.70584858140697027  0.71474172249161061  0.72375908578313430
  0.73290040912960230  0.74220556550651173  0.75163993289851994  0.76128868930537907
  0.77106710443619608  0.78110648195532140  0.79131591560431580  0.80187942658904987
  0.81266116039974923  0.82385790102461010  0.83536447158393268  0.84742190980161602
  0.85997588167467842  0.87327924923745170  0.88742738639893370  0.90274458005284319
  0.91963815245347158  0.93916515144363699  0.96428832896306782  1.00000000000000000
 -0.00244787407213040  0.00952478524103657  0.01967939837931347  0.03022666334111265
  0.04071936046921677  0.05120508593067540  0.06178466169704611  0.07230472193851853
  0.08289265044974775  0.09347600523928054  0.10400412784931991  0.11444339675149902
  0.12485524665326182  0.13534683461340949  0.14580521625887080  0.15618598828014663
  0.16661481454060278  0.17708434446702814  0.18749705246665926  0.19795135463295213
  0.20845733668395316  0.21909959299258552  0.22974755485532083  0.24039102697820919
  0.25102080325931919  0.26155121843067791  0.27203632094648517  0.28262674483977057
  0.29329987073112190  0.30390946750419945  0.31431590240805229  0.32468603616294733
  0.33506246010681145  0.34555589699879435  0.35603596794524878  0.36645039466224233
  0.37685605595448346  0.38725326362635476  0.39767382974167020  0.40818700453581469
  0.41872627542833535  0.42929498297622037  0.43970236827707809  0.45010758118038113
  0.46050661028044632  0.47095869757496212  0.48146747517161292  0.49202955558416916
  0.50253900014051633  0.51318859506753811  0.52393507690316199  0.53474577149746672
  0.54552733842932843  0.55620856420653109  0.56686150692594617  0.57738056935253412
  0.58783700942654771  0.59832928069384217  0.60893388078350008  0.61963427974199337
  0.63033682069099128  0.64106541739944023  0.65175723297166333  0.66244426749519381
  0.67307540544900513  0.68362397467831759  0.69402883977425300  0.70441240390037951
  0.71497123562381748  0.72562149678485277  0.73632546490823791  0.74710504202838068
  0.75772570018323593  0.76843223238666436  0.77887383211085626  0.78936910184234743
  0.79975469996421222  0.81019573523219746  0.82065409864019290  0.83117418019822231
  0.84172850833473534  0.85242403550250212  0.86297691772599883  0.87357968304130040
  0.88408623274259079  0.89460578556111836  0.90507274982585151  0.91552132419697907
  0.92604623687216092  0.93652920166619535  0.94700809671694630  0.95749908119324389
  0.96807197405139844  0.97871438448147230  0.98935019871138774  1.00000000000000000
   5.1678220705748545E-008  -1.0000000000000000     
 F F F F F F F F
  <DiscreteSampler_grid>
  grouped_processes
  1 # 1 for a reference and 2 for a running grid.
  10 # Attribute 'min_bin_probing_points' of the grid.
  1 # Attribute 'grid_mode' of the grid. 1=='default',2=='initialization'
  0.0000000000000000 # Attribute 'small_contrib_threshold' of the grid.
  0.5000000000000000 # Attribute 'damping_power' of the grid.
 # binID   n_entries weight   weight_sqr   abs_weight
    10   10   4.437786498171872E+005   2.288298549781111E+011   4.437786498171872E+005
  </DiscreteSampler_grid>
