 -0.00610888000843736  0.03515814708623521  0.06037602462262445  0.07992787995001677
  0.09683522418331580  0.11219913150282657  0.12637818175007784  0.13968246169445164
  0.15226635864968610  0.16433453951661758  0.17588294296136636  0.18710034971892145
  0.19791356369157084  0.20849016863959102  0.21872881887088183  0.22879077505504636
  0.23859680355658813  0.24825904571206825  0.25770562773727368  0.26701162085556068
  0.27615846503838098  0.28518274144163547  0.29409031417345433  0.30288619873841538
  0.31158862693238959  0.32018913323488940  0.32871304438491278  0.33715332200852255
  0.34549854413165165  0.35378059644450410  0.36199037662067224  0.37014861529669330
  0.37826081695647484  0.38631981018677614  0.39434598808215804  0.40232668615261707
  0.41028243735736225  0.41820941969641895  0.42610506965734063  0.43397198262776870
  0.44180329941119834  0.44960633052521848  0.45738725149216825  0.46514739505774522
  0.47289627007850427  0.48063873781968974  0.48838253298551498  0.49613132796031123
  0.50387647438600847  0.51162686100427668  0.51935812853386909  0.52709862729881163
  0.53483856259757789  0.54260370742194786  0.55039399444139314  0.55820725318762987
  0.56604338395074549  0.57390516720279194  0.58178369316435519  0.58969326615057061
  0.59763748405239625  0.60561781578431551  0.61365223805228553  0.62171931354342325
  0.62982727854179443  0.63798729365847640  0.64619830753565188  0.65448912033157791
  0.66284376138475931  0.67127526001881421  0.67979245707856883  0.68839069726828617
  0.69710095096975588  0.70590600396053726  0.71482106394988421  0.72385364008043296
  0.73300396440871285  0.74231118883174174  0.75174800654356511  0.76138999559148401
  0.77117752619607027  0.78123436830653614  0.79146345287997000  0.80203169522242113
  0.81282195976273408  0.82405094234817755  0.83559402149783013  0.84767645325755081
  0.86023174653616596  0.87353030563249190  0.88767015000706939  0.90302881672998070
  0.92000560090867123  0.93970319655830803  0.96495907157065364  1.00000000000000000
 -0.00227078688745384  0.00942171722975814  0.01962862291226740  0.03006870594379193
  0.04061205716074993  0.05093841941312127  0.06135634496777524  0.07199009905066066
  0.08263851228225730  0.09350799720251179  0.10430967540693889  0.11531068170986206
  0.12614784132130669  0.13670727303024888  0.14719051823671037  0.15761389217710489
  0.16808774275659805  0.17849550366956965  0.18895939283646002  0.19928274631543982
  0.20958359370016322  0.21984678405387731  0.23014983755555293  0.24048511530416899
  0.25084072491385873  0.26131302906856679  0.27189780439920008  0.28247715720850464
  0.29300520460775892  0.30354385627772507  0.31404535991553989  0.32463328961951143
  0.33520722345267157  0.34590166240788722  0.35657867908318408  0.36712246237937368
  0.37773903228510991  0.38842364158016035  0.39908801317363979  0.40963312981490335
  0.41999481725166105  0.43044855506414686  0.44087729860709451  0.45140802132152247
  0.46194542537825728  0.47249592885283909  0.48309947824198873  0.49363182155255225
  0.50408641620674710  0.51451594640330645  0.52494684483513643  0.53559632988896155
  0.54614054785183452  0.55664433653919998  0.56724825180258820  0.57795410577001771
  0.58867625062631967  0.59922999816383116  0.60992786910419883  0.62079237223449546
  0.63146829568375273  0.64219942192649770  0.65281294331471684  0.66347690865658071
  0.67399155222121165  0.68429508438095876  0.69485336315479218  0.70554264220967355
  0.71616496529269924  0.72682810899234207  0.73731737235657901  0.74781139295915278
  0.75815523009584518  0.76848671063939034  0.77903070821903198  0.78951862949319063
  0.80007039687111792  0.81074962522383975  0.82144720444109576  0.83207901365063919
  0.84244627378236647  0.85276984033139414  0.86316056500248661  0.87356605663734144
  0.88389620088616649  0.89423139149859954  0.90462721987847605  0.91506131656838940
  0.92547250949606918  0.93588574291619986  0.94653999716537862  0.95721192777703867
  0.96800390770081424  0.97871112938187121  0.98943813386631851  1.00000000000000000
   3.6208680715961223E-007  -1.0000000000000000     
 F F F F F F F F
  <DiscreteSampler_grid>
  grouped_processes
  1 # 1 for a reference and 2 for a running grid.
  10 # Attribute 'min_bin_probing_points' of the grid.
  1 # Attribute 'grid_mode' of the grid. 1=='default',2=='initialization'
  0.0000000000000000 # Attribute 'small_contrib_threshold' of the grid.
  0.5000000000000000 # Attribute 'damping_power' of the grid.
 # binID   n_entries weight   weight_sqr   abs_weight
    10   10   2.767635862640011E+005   9.569480094709999E+010   2.767635862640011E+005
  </DiscreteSampler_grid>
