 -0.00614457541647876  0.03515744518588616  0.06044009841171122  0.08010851254943736
  0.09705402901638301  0.11238245722941197  0.12654734176315685  0.13988078217160330
  0.15244489157177218  0.16449638808827105  0.17600538030175075  0.18719821624016114
  0.19798464757695167  0.20854347094646300  0.21875869169177878  0.22880074476421919
  0.23855074396174480  0.24817400382519444  0.25759102142822637  0.26690141313910221
  0.27605005934344928  0.28507821578858633  0.29399433871158609  0.30279169442591980
  0.31148492182215143  0.32006353754068700  0.32856956184169439  0.33699590724024897
  0.34532905095871524  0.35360536813028987  0.36180920608084843  0.36996530599944571
  0.37806054145140350  0.38610545515414063  0.39412424841595384  0.40211302181660680
  0.41007644512489194  0.41800657032859950  0.42590269821475241  0.43377326608396255
  0.44161343963857491  0.44942547632014535  0.45721686824238611  0.46499672176403284
  0.47276751850275495  0.48053660604272819  0.48829639140135933  0.49605334955556402
  0.50379312599921078  0.51153532118488676  0.51927873222048404  0.52704372415667500
  0.53481627194578640  0.54260807878449679  0.55041140243990372  0.55822756572717269
  0.56606037443625978  0.57391455002375125  0.58179589729308701  0.58971494810082214
  0.59767261803611305  0.60566793812651154  0.61370987345029104  0.62178341007906113
  0.62990425892456292  0.63807969336379955  0.64630914013026453  0.65462027856898486
  0.66298486007603852  0.67143302462156451  0.67994682988064326  0.68853211374090528
  0.69723054735083489  0.70602599964911883  0.71495011632910976  0.72398353829945128
  0.73313827163699419  0.74242707778193073  0.75184014449090919  0.76142686402787740
  0.77116970793702100  0.78118855939088372  0.79140186566213722  0.80195516933785216
  0.81273578209012620  0.82395269736967425  0.83550443026782129  0.84754275597531947
  0.86005927569743879  0.87330043955111569  0.88745184900650387  0.90275796576169121
  0.91965267406060547  0.93916220941850992  0.96434709109520200  1.00000000000000000
 -0.00255364717246428  0.00959546834354126  0.01979106342410257  0.03043784151599995
  0.04112061038884463  0.05174358152668634  0.06242547982192333  0.07289627358215550
  0.08348840036517736  0.09396017037390951  0.10448368433274227  0.11489296225844133
  0.12512402583316665  0.13549577534852492  0.14580978422686866  0.15610440020374358
  0.16640218294177470  0.17687046521361832  0.18733915217507729  0.19794493776809099
  0.20842217609198113  0.21916918561453566  0.22978631001075944  0.24037497904512925
  0.25109107162251532  0.26169925099942332  0.27234888881847058  0.28277947230782352
  0.29326417588690867  0.30367595423517296  0.31423049042307588  0.32492325506089414
  0.33556030184790764  0.34585572869646897  0.35620872765233413  0.36662355820459203
  0.37711769030575321  0.38740578531960579  0.39758700958637616  0.40803034315950643
  0.41833658154886894  0.42891606118521647  0.43954094396234794  0.45037287550065358
  0.46111788923001951  0.47171304218782795  0.48222117351170668  0.49259626941800283
  0.50295829413531956  0.51332616023083710  0.52372245797276340  0.53408020322071537
  0.54450510833433630  0.55498960805831021  0.56553117857835056  0.57610446897879164
  0.58658070465971401  0.59710690260075716  0.60761595653295608  0.61821169984363111
  0.62871325972824244  0.63926538143184242  0.64982872555807625  0.66046245692822747
  0.67109002190487121  0.68165638227178449  0.69217257530816190  0.70255061199681201
  0.71304838171484874  0.72351193692818994  0.73410915744161420  0.74467068384924862
  0.75525893284953549  0.76591224259686752  0.77654379987459854  0.78718542288560400
  0.79778490634507426  0.80830174023098011  0.81888325828314035  0.82948126538545008
  0.84005038303045776  0.85060730112850214  0.86109880431508656  0.87174068608500799
  0.88227001841139263  0.89273700433391145  0.90324287789951430  0.91377254658383189
  0.92456076531665565  0.93533412777984482  0.94624899083938541  0.95710146150176945
  0.96786073077462142  0.97854613857784922  0.98924136742136548  1.00000000000000000
   1.9490061627365227E-008  -1.0000000000000000     
 F F F F F F F F
  <DiscreteSampler_grid>
  grouped_processes
  1 # 1 for a reference and 2 for a running grid.
  10 # Attribute 'min_bin_probing_points' of the grid.
  1 # Attribute 'grid_mode' of the grid. 1=='default',2=='initialization'
  0.0000000000000000 # Attribute 'small_contrib_threshold' of the grid.
  0.5000000000000000 # Attribute 'damping_power' of the grid.
 # binID   n_entries weight   weight_sqr   abs_weight
    10   10   3.280490294421917E+004   1.393480764477246E+009   3.280490294421917E+004
  </DiscreteSampler_grid>
