 -0.00655058477760639  0.03510937247678562  0.06027682211714838  0.07987865126780636
  0.09680596693518335  0.11215708262185640  0.12633906557935395  0.13969103058806709
  0.15227394223120161  0.16436414537295402  0.17589942762676930  0.18711812214592552
  0.19790207076222260  0.20848092734807025  0.21871517862156575  0.22878365061956224
  0.23856568910368844  0.24821292358671643  0.25764785918438787  0.26696113621369316
  0.27611339901522830  0.28514088819908789  0.29404615207580231  0.30283221674268546
  0.31152738506123512  0.32011615420871936  0.32862755564949792  0.33705606896190565
  0.34540070368428794  0.35369456683336181  0.36191738633251780  0.37009126918027846
  0.37821216526676388  0.38627516880273910  0.39430073531330612  0.40227322538064947
  0.41021462370726686  0.41812678430212741  0.42600203228277517  0.43385202644807253
  0.44167879324608372  0.44948684552838175  0.45728380522351159  0.46506559991918850
  0.47283198832605278  0.48059217288805645  0.48833775118142836  0.49607994635154584
  0.50382028008883972  0.51156665482175656  0.51931815820211025  0.52707952589426088
  0.53485005831375421  0.54263296804725203  0.55042697500787641  0.55823502614332965
  0.56606427211421617  0.57391954738975348  0.58179921086771558  0.58971272836774591
  0.59766000241714667  0.60564102218905669  0.61366777316336940  0.62172334162613718
  0.62983025225535272  0.63799423329305383  0.64621400379136118  0.65450847062270567
  0.66285482569317855  0.67128376669442602  0.67979677929081661  0.68838808690476450
  0.69708687221208876  0.70586445685263643  0.71475529878042265  0.72376680097746005
  0.73290969119844473  0.74221640599051564  0.75165101320155725  0.76129821517228846
  0.77108236484042536  0.78112949658160569  0.79134088746682374  0.80189701109559042
  0.81267426703800827  0.82388383875496329  0.83541381009841731  0.84749451213459071
  0.86005652411126310  0.87337712268707224  0.88754801399684957  0.90288585979724501
  0.91978684782944775  0.93930858842431708  0.96444139337122159  1.00000000000000000
 -0.00243259128623048  0.00983449029593509  0.02000779566941421  0.03057444556136615
  0.04109981372995131  0.05152256532814738  0.06189843464043343  0.07227157735262446
  0.08263649443468958  0.09309382502291406  0.10354309206007595  0.11407621735121103
  0.12454037941419283  0.13512020629382171  0.14571951210977277  0.15637696723613195
  0.16693035185247576  0.17754401517682344  0.18812660883733651  0.19850902713437302
  0.20888240906086844  0.21930271173965044  0.22979731141713833  0.24027732789476189
  0.25079363674463506  0.26148138271089250  0.27211919169648052  0.28260644710858768
  0.29316677370352739  0.30368379073367169  0.31424706929117968  0.32469040389695913
  0.33511457667948746  0.34551044464002556  0.35591965647336787  0.36643687191496133
  0.37692192310812006  0.38737530052998420  0.39781794578526980  0.40830419869471613
  0.41881365803075765  0.42945898856171444  0.44008160061311802  0.45075970221392758
  0.46145554335185740  0.47212961895027644  0.48280475650222593  0.49335232941237706
  0.50391518629461984  0.51449200029563957  0.52505963779715348  0.53560603521100048
  0.54610592649637024  0.55661024138636073  0.56709166183721427  0.57755642326040324
  0.58792571268295735  0.59826973781482573  0.60865098932105088  0.61906269329945185
  0.62961547513597960  0.64014569577751435  0.65070081849760586  0.66130349229070762
  0.67191523513615714  0.68251542366738138  0.69301990413894288  0.70345718625675102
  0.71393574476413468  0.72443851151287963  0.73500529259657366  0.74555123974868209
  0.75610618216611414  0.76659145918148452  0.77714846938158777  0.78772352059264383
  0.79837533041899200  0.80902182607946194  0.81961618071345888  0.83020879276630966
  0.84071309869561373  0.85125637863475634  0.86180753486832096  0.87232058666402745
  0.88287002497718337  0.89340225516057781  0.90393284774603011  0.91440815930197616
  0.92493611034602297  0.93548056427017101  0.94613728129713204  0.95676454441537462
  0.96750305383361301  0.97830788939513447  0.98913923815182681  1.00000000000000000
   6.0829159304716921E-009  -1.0000000000000000     
 F F F F F F F F
  <DiscreteSampler_grid>
  grouped_processes
  1 # 1 for a reference and 2 for a running grid.
  10 # Attribute 'min_bin_probing_points' of the grid.
  1 # Attribute 'grid_mode' of the grid. 1=='default',2=='initialization'
  0.0000000000000000 # Attribute 'small_contrib_threshold' of the grid.
  0.5000000000000000 # Attribute 'damping_power' of the grid.
 # binID   n_entries weight   weight_sqr   abs_weight
    10   10   6.152859936959772E+004   4.226321942024371E+009   6.152859936959772E+004
  </DiscreteSampler_grid>
