 -0.00653097092797650  0.03523970969601198  0.06050724525671872  0.08014072038783053
  0.09711292585933815  0.11248796520271376  0.12665360142997287  0.13994943172226346
  0.15248689702243851  0.16454833460503548  0.17604958292866332  0.18724435611129259
  0.19802701254877486  0.20860166220228255  0.21882992509615587  0.22888953926074349
  0.23867841935219408  0.24832647984835932  0.25775873628156731  0.26706775676791461
  0.27621713853503660  0.28524082229269898  0.29414156210751424  0.30292177337855253
  0.31161859072792436  0.32021152500934885  0.32872906243759659  0.33716491012100586
  0.34551093816822587  0.35379936538030721  0.36200928346714334  0.37016939489809542
  0.37828217203438785  0.38634268417428275  0.39437142414313792  0.40235152933556967
  0.41029834982705410  0.41820804344622486  0.42607776951212295  0.43392337212438070
  0.44174635268483425  0.44955097544310368  0.45734446071481494  0.46512898436350825
  0.47290086648601704  0.48066871835884556  0.48842033010348618  0.49616800092651481
  0.50390918178298671  0.51165338207847832  0.51940180549598713  0.52716447422140700
  0.53493374178032360  0.54271498198845713  0.55051138516625520  0.55832325016430406
  0.56615394464557323  0.57400630823943910  0.58188208619265969  0.58979096361232064
  0.59773159064368886  0.60570504485760468  0.61372851122063621  0.62178968454586536
  0.62990076712609611  0.63806897787657824  0.64628870678461658  0.65458786445981476
  0.66293471582900554  0.67136355147622107  0.67986763206064849  0.68845584617655253
  0.69715130065881459  0.70594291287166511  0.71484983193223917  0.72386903365262900
  0.73300432210529043  0.74229417912641882  0.75171685250448239  0.76135431098002038
  0.77112999208182009  0.78117136881881144  0.79138857699920073  0.80194406307305388
  0.81272520471614107  0.82391004392225864  0.83542927281658497  0.84748397765563377
  0.86006130246307244  0.87337074542158366  0.88755300471707332  0.90292136228975661
  0.91984822869011562  0.93940402194862882  0.96458731049759316  1.00000000000000000
 -0.00257764791159875  0.00968801730306509  0.01993425582558040  0.03060534290153395
  0.04117648394463362  0.05167365810277798  0.06215394832896319  0.07271305445244873
  0.08329829105602135  0.09389579095570064  0.10458525193055812  0.11514299227643476
  0.12561441302781454  0.13605262941348872  0.14646097502753894  0.15685838916141776
  0.16728863590835355  0.17770404627065256  0.18818215172551855  0.19855504583480632
  0.20894251863399183  0.21921905737606193  0.22952542977012622  0.24001544606850234
  0.25049666364373246  0.26095766287322780  0.27141380252720099  0.28198585078254984
  0.29251151417772492  0.30302104870626595  0.31350674521686611  0.32401593824784269
  0.33454417856053420  0.34508725099230059  0.35565017602569321  0.36619344898811035
  0.37680823161954191  0.38733551072563632  0.39783107670463752  0.40819387770855808
  0.41857187092102155  0.42891888876053530  0.43928998256810725  0.44971481038743050
  0.46014201852090325  0.47065997844023200  0.48118291702940957  0.49175112716052022
  0.50231248199920386  0.51285840747572897  0.52338904235338457  0.53389021913038626
  0.54440871240594446  0.55482756208744188  0.56529255055142236  0.57585914319656617
  0.58644250857672853  0.59697866546011724  0.60739231640355285  0.61787241410809879
  0.62836408070206939  0.63886726877483824  0.64940186392881549  0.66001652227245788
  0.67064329371385112  0.68132836784619455  0.69198752654658413  0.70269156418217582
  0.71335714190063493  0.72400040343937111  0.73467073893389290  0.74531434296117638
  0.75595578313788780  0.76654530648039476  0.77718860314996674  0.78787964187509973
  0.79853057272692018  0.80911024262315323  0.81961320217703004  0.83020166618930580
  0.84079783162680255  0.85138672459873010  0.86193841111032854  0.87241422969831162
  0.88294510295311734  0.89356663035650030  0.90433615505242393  0.91514183554348172
  0.92576324444392555  0.93637478669115326  0.94697596417954122  0.95765610254001099
  0.96824902272551094  0.97883786179781496  0.98942606908814623  1.00000000000000000
   9.2032429538350710E-008  -1.0000000000000000     
 F F F F F F F F
  <DiscreteSampler_grid>
  grouped_processes
  1 # 1 for a reference and 2 for a running grid.
  10 # Attribute 'min_bin_probing_points' of the grid.
  1 # Attribute 'grid_mode' of the grid. 1=='default',2=='initialization'
  0.0000000000000000 # Attribute 'small_contrib_threshold' of the grid.
  0.5000000000000000 # Attribute 'damping_power' of the grid.
 # binID   n_entries weight   weight_sqr   abs_weight
    10   10   3.091994705446937E+005   1.299520860898325E+011   3.091994705446937E+005
  </DiscreteSampler_grid>
