 -0.00640926642811416  0.03498073359216761  0.06014077770479706  0.07976157716507591
  0.09669438379637121  0.11204865117918877  0.12622114019881231  0.13954306532430147
  0.15210136110820088  0.16416578944350510  0.17570011533203281  0.18691873395960992
  0.19772203309362013  0.20830033454234947  0.21854071720619381  0.22860930261130816
  0.23841058135138563  0.24807171663858935  0.25751850129508097  0.26682349114835680
  0.27596504257779741  0.28497987259995217  0.29388771186437823  0.30267665428836127
  0.31137790579520042  0.31997324696960644  0.32849085635731839  0.33691734258384176
  0.34525490863785757  0.35354299499597835  0.36176829401836141  0.36994324933551936
  0.37805601917366838  0.38610370287593976  0.39411747130255081  0.40208714100878246
  0.41002845351169848  0.41793983440792332  0.42581654128749757  0.43367103881878183
  0.44150440924568013  0.44931786632676246  0.45711563730535421  0.46489773848105154
  0.47266154557024326  0.48041974455935926  0.48816502425096131  0.49591144444163526
  0.50365138101948026  0.51139362686707557  0.51913929999249153  0.52689780215571214
  0.53466520314176669  0.54244788199306637  0.55024552111052627  0.55805967777608134
  0.56589543490262229  0.57375427232871512  0.58163358559578293  0.58954524121900453
  0.59748632684340641  0.60545707438672003  0.61347949685215264  0.62153140247717320
  0.62963620153630351  0.63779759815614090  0.64601419524410175  0.65431555864084956
  0.66267014471408048  0.67110294555771832  0.67961777300253334  0.68820418789439908
  0.69689779970216581  0.70567555155428552  0.71457617027221276  0.72359774371114194
  0.73273817695503196  0.74203965160807428  0.75147133434948299  0.76112262508765949
  0.77091269070636514  0.78096794172766648  0.79118657444470408  0.80174334497522093
  0.81252578044614587  0.82373586104890018  0.83526504596548545  0.84733190884033238
  0.85988398597902405  0.87317648154864691  0.88733495968752774  0.90269962822932481
  0.91963723263787767  0.93919463778024781  0.96438688219306823  1.00000000000000000
 -0.00259785720652528  0.00977318951431209  0.02014294529764214  0.03076466034352470
  0.04144021611381609  0.05206750917857627  0.06267110809053367  0.07316446712010367
  0.08368385793102863  0.09415160940472722  0.10467077045659849  0.11523728206243937
  0.12581778499643001  0.13647941599306707  0.14718153159926439  0.15786595719676863
  0.16854480459729912  0.17905363955986806  0.18957162232247909  0.19995283089843197
  0.21042895998296407  0.22099431193206287  0.23159439853543570  0.24213324482724269
  0.25268013824529056  0.26320348211775918  0.27380271079129953  0.28437189223400117
  0.29494518559800353  0.30545109296497513  0.31592226892190550  0.32646728954636400
  0.33702174529371881  0.34753036454199604  0.35800141606480734  0.36844035078230009
  0.37898956900958292  0.38962131749489809  0.40030354296563547  0.41092113610673603
  0.42154415637778464  0.43212582578313924  0.44272820951280117  0.45335707718172430
  0.46397184998460383  0.47457662889719515  0.48517205877778163  0.49575984993400546
  0.50631753861219708  0.51687186206642421  0.52743639600565739  0.53798607480803640
  0.54849384115040434  0.55900319555864197  0.56946656896310821  0.57993011275097928
  0.59052026468574370  0.60105731716957433  0.61153100113004932  0.62188825404099279
  0.63243021804639277  0.64294465954383440  0.65356295890740057  0.66407270542286045
  0.67455532828135090  0.68506362056268066  0.69563589606002785  0.70630928486383782
  0.71689710173633325  0.72739020220679207  0.73793373268338014  0.74847229147008487
  0.75898722772618865  0.76943111542909515  0.77992412986887094  0.79046924109753047
  0.80090439115231515  0.81133178462776623  0.82171310481351145  0.83214032480116196
  0.84251632776145180  0.85291097935926974  0.86340515513003491  0.87399353654432066
  0.88457667774165250  0.89517731053221261  0.90571017291202616  0.91626679719072435
  0.92678907751750927  0.93732192257864988  0.94778021684566416  0.95828716800333558
  0.96864849664971797  0.97913993482682937  0.98954117502564831  1.00000000000000000
   2.0387841785571908E-007  -1.0000000000000000     
 F F F F F F F F
  <DiscreteSampler_grid>
  grouped_processes
  1 # 1 for a reference and 2 for a running grid.
  10 # Attribute 'min_bin_probing_points' of the grid.
  1 # Attribute 'grid_mode' of the grid. 1=='default',2=='initialization'
  0.0000000000000000 # Attribute 'small_contrib_threshold' of the grid.
  0.5000000000000000 # Attribute 'damping_power' of the grid.
 # binID   n_entries weight   weight_sqr   abs_weight
    10   10   2.258282088406426E+005   5.623653597731612E+010   2.258282088406426E+005
  </DiscreteSampler_grid>
