 -0.00609268689598019  0.03485621118948810  0.06007813279258237  0.07972382849769823
  0.09670616608615756  0.11210047790066205  0.12628493295274085  0.13963319628333434
  0.15220121876227732  0.16428075616448429  0.17581303621959216  0.18702938094550098
  0.19781323537195838  0.20836978998951486  0.21859284291750131  0.22862880486871587
  0.23839790464420973  0.24802722120923271  0.25746072750888727  0.26676668010614929
  0.27591864300508123  0.28494554794638566  0.29385171105332319  0.30263664046103850
  0.31133611208712691  0.31993665429328355  0.32845699501329373  0.33690135564607326
  0.34525599132369117  0.35356029414849433  0.36179121840877521  0.36997223805368423
  0.37809417376482074  0.38615227665358559  0.39417359573839811  0.40215156114508910
  0.41010389861628227  0.41802915095704235  0.42592055295573544  0.43378576501062488
  0.44162593685420121  0.44944523704946671  0.45724866897590616  0.46503567179221750
  0.47280749676501971  0.48056980226285267  0.48832428173328146  0.49607407260189890
  0.50381691377211335  0.51156159449006045  0.51930293472739153  0.52705256830525349
  0.53480895525642846  0.54258439859539764  0.55038555354594820  0.55820614897270815
  0.56604653674416616  0.57390797646160407  0.58179062246328328  0.58970461364307236
  0.59764918204363737  0.60562455196924436  0.61364958562551120  0.62171913719586946
  0.62984156166506755  0.63801808207805044  0.64623842888835226  0.65452779290078278
  0.66287186094888839  0.67130142276216331  0.67981381096401583  0.68839902290982447
  0.69708629353673501  0.70586649518922240  0.71476820653159057  0.72379330084253712
  0.73294247258227507  0.74225163473759781  0.75168186933927805  0.76131205465549623
  0.77108109768651478  0.78112570132304648  0.79134934229191112  0.80190932806292137
  0.81269258439728220  0.82390315915957224  0.83543711205502014  0.84750711018215841
  0.86006441021580171  0.87336395509640763  0.88752413031076050  0.90287982519662469
  0.91980562475375083  0.93932886888382661  0.96443422990591743  1.00000000000000000
 -0.00247375415354352  0.00941413391411536  0.01949575176125349  0.02985223206096953
  0.04035982200533324  0.05092726228572234  0.06150467820588922  0.07203387351747474
  0.08259331121175244  0.09317316894754002  0.10375771878744815  0.11442599063939039
  0.12510354778450139  0.13557443896662832  0.14610742898186987  0.15673997822960262
  0.16744895634166840  0.17798018375846408  0.18837402491461328  0.19881556799952238
  0.20912798423055934  0.21955828551685297  0.22995363219854981  0.24044232507425461
  0.25089487519883996  0.26129857459445555  0.27171043256091665  0.28215566338962356
  0.29264801389120970  0.30321622011786198  0.31369377654742037  0.32441940945236436
  0.33502419007804984  0.34552959108427711  0.35598579110497020  0.36657256271062677
  0.37718508518579263  0.38770037632109455  0.39828648102952668  0.40897366684327213
  0.41960707295395405  0.43006289314539464  0.44046928296073401  0.45092902195269668
  0.46140610584820152  0.47206702744592138  0.48265390670138109  0.49327183525555779
  0.50378404559576095  0.51427005302424655  0.52472864115261841  0.53507304358423524
  0.54557982536372573  0.55617525893241060  0.56673265960874075  0.57728664795740081
  0.58789497373754940  0.59855759251458440  0.60910604518314682  0.61957129349767837
  0.63007194964896140  0.64060212521317661  0.65105452311765954  0.66156316814138816
  0.67205223634297395  0.68252802931509926  0.69290576241871127  0.70331641786326005
  0.71384959458194497  0.72439592660350649  0.73504236664302691  0.74571768492485913
  0.75630240303620211  0.76677181916587522  0.77730031180927084  0.78786952676555289
  0.79844919715675611  0.80895319085903361  0.81955168269348100  0.83020419722761285
  0.84093640757099319  0.85161918096098910  0.86222906793491416  0.87269918615886344
  0.88313593435272175  0.89362844789583984  0.90410998107111240  0.91464831123802737
  0.92521835575665179  0.93576859068331908  0.94642943782815669  0.95708232550031114
  0.96788176927193170  0.97861963430387744  0.98930291643859669  1.00000000000000000
   4.8623186793259422E-009  -1.0000000000000000     
 F F F F F F F F
  <DiscreteSampler_grid>
  grouped_processes
  1 # 1 for a reference and 2 for a running grid.
  10 # Attribute 'min_bin_probing_points' of the grid.
  1 # Attribute 'grid_mode' of the grid. 1=='default',2=='initialization'
  0.0000000000000000 # Attribute 'small_contrib_threshold' of the grid.
  0.5000000000000000 # Attribute 'damping_power' of the grid.
 # binID   n_entries weight   weight_sqr   abs_weight
    10   10   2.889441556978982E+004   1.101532948762346E+009   2.889441556978982E+004
  </DiscreteSampler_grid>
