 -0.00646465801037993  0.03464895839085225  0.05983133964969975  0.07946657932074405
  0.09640403660136521  0.11178626446695993  0.12598685898761544  0.13934041616837353
  0.15194367815734169  0.16404961114067756  0.17561209274255418  0.18684412556836047
  0.19764423383790045  0.20821050386025611  0.21843494436251742  0.22849530392706721
  0.23829429921650869  0.24795253053476213  0.25740516846143857  0.26672388678267600
  0.27587733339016840  0.28490085914952773  0.29380930981291864  0.30260414319094397
  0.31131166089846413  0.31991311512311971  0.32843326487605806  0.33687211951308621
  0.34522246303904602  0.35352080618962650  0.36174819919056606  0.36992869837424208
  0.37804774823488474  0.38610897030007346  0.39413357118975662  0.40210841966007765
  0.41005049935051369  0.41795896831670853  0.42583518980089430  0.43369190510812472
  0.44152571622889752  0.44933771262917116  0.45713398476828931  0.46491668096740996
  0.47268330240786582  0.48044080055836846  0.48818303318072070  0.49591161232774972
  0.50364411632388162  0.51137952299097145  0.51913085845767226  0.52689582638128418
  0.53466772889606884  0.54245011657239550  0.55024530466315780  0.55805759498186380
  0.56589309875464544  0.57375427194838069  0.58163385418943947  0.58954285457788291
  0.59748291927387065  0.60546049930272827  0.61349538969553075  0.62156086208679440
  0.62967952615369638  0.63785334385236581  0.64607861473642192  0.65437621115146072
  0.66272606400239986  0.67115677321718326  0.67967378635595055  0.68826745525429800
  0.69696935417293637  0.70575890628388438  0.71466568115727680  0.72369294574953813
  0.73284412289839551  0.74215379834125872  0.75158643503885236  0.76123084752838610
  0.77101157547390453  0.78105885001176489  0.79126873740201020  0.80183531728836799
  0.81263059830279905  0.82385248889463647  0.83538475459613770  0.84746097052687408
  0.86001429336906821  0.87331099364465037  0.88746223884420228  0.90280466263123782
  0.91971866159041371  0.93926288221775989  0.96442279302481282  1.00000000000000000
 -0.00228867483951081  0.00958781363032340  0.01971726899562986  0.03027344035556148
  0.04077213429554956  0.05119462194260936  0.06161236808672445  0.07219314945525492
  0.08281332028664522  0.09348482791267110  0.10409594862955938  0.11466319812952669
  0.12512629429677513  0.13554633580059997  0.14600569521055401  0.15662007843088696
  0.16720838858609716  0.17776287397803697  0.18825121685666074  0.19878769079563871
  0.20930292059783043  0.21973531781721317  0.23020623150475317  0.24069302619767055
  0.25126422642074087  0.26183962752100565  0.27250860252559639  0.28316722787985199
  0.29381642962711640  0.30448996721730226  0.31509852515183789  0.32569324521586956
  0.33618470639529596  0.34668925800469880  0.35715484042901224  0.36765869235372373
  0.37816071947560559  0.38869848195408729  0.39925734806960406  0.40982848371231678
  0.42038016686397489  0.43080596629052015  0.44121306969687846  0.45156189077059661
  0.46202071788057381  0.47246273428072122  0.48295524298951209  0.49346261440205963
  0.50412499559226864  0.51484804983191457  0.52549249514372187  0.53599066384760874
  0.54646942010717570  0.55706136047151089  0.56774451130827741  0.57830213338077319
  0.58876436710738012  0.59922009599822923  0.60973344263280216  0.62028838213440751
  0.63081776181149030  0.64133118929533173  0.65184217397107580  0.66236514595316676
  0.67297924702358503  0.68358292093173190  0.69412658455342369  0.70465150557210654
  0.71519869115109458  0.72575949068240231  0.73615848604110878  0.74656328659019922
  0.75701802412260466  0.76758797729186634  0.77806259777331477  0.78857373890930371
  0.79914811461921542  0.80979317629482228  0.82036828845104581  0.83090389983986412
  0.84151111931962908  0.85212695479648015  0.86264301789374376  0.87306633115874233
  0.88341795221191655  0.89384291114126568  0.90434377210550654  0.91488700235420062
  0.92549746567924196  0.93611334000823809  0.94679386956488343  0.95754823345289397
  0.96824848241469552  0.97891063989899973  0.98944839195267620  1.00000000000000000
   7.5277529184892740E-008  -1.0000000000000000     
 F F F F F F F F
  <DiscreteSampler_grid>
  grouped_processes
  1 # 1 for a reference and 2 for a running grid.
  10 # Attribute 'min_bin_probing_points' of the grid.
  1 # Attribute 'grid_mode' of the grid. 1=='default',2=='initialization'
  0.0000000000000000 # Attribute 'small_contrib_threshold' of the grid.
  0.5000000000000000 # Attribute 'damping_power' of the grid.
 # binID   n_entries weight   weight_sqr   abs_weight
    10   10   3.155041113378924E+005   1.218808379887206E+011   3.155041113378924E+005
  </DiscreteSampler_grid>
