##& xmin & xmax & central value & dy & 

<histogram> 100 "log10d01 [] |X_AXIS@LIN |Y_AXIS@LOG |JETSAMPLE@0"
  +0.0000000e+00   +3.0000000e-02   +1.4861000e-12   +4.2900231e-13
  +3.0000000e-02   +6.0000000e-02   +1.4860900e-12   +4.2900076e-13
  +6.0000000e-02   +9.0000000e-02   +1.7337900e-12   +4.6338016e-13
  +9.0000000e-02   +1.2000000e-01   +2.1053400e-12   +5.1061321e-13
  +1.2000000e-01   +1.5000000e-01   +1.6099500e-12   +4.4652061e-13
  +1.5000000e-01   +1.8000000e-01   +1.6099500e-12   +4.4651593e-13
  +1.8000000e-01   +2.1000000e-01   +3.3437600e-12   +6.4351080e-13
  +2.1000000e-01   +2.4000000e-01   +3.4676100e-12   +6.5532600e-13
  +2.4000000e-01   +2.7000000e-01   +2.6007100e-12   +5.6752908e-13
  +2.7000000e-01   +3.0000000e-01   +3.5914600e-12   +6.6692066e-13
  +3.0000000e-01   +3.3000000e-01   +3.2199300e-12   +6.3148378e-13
  +3.3000000e-01   +3.6000000e-01   +4.3345300e-12   +7.3267107e-13
  +3.6000000e-01   +3.9000000e-01   +4.5822300e-12   +7.5331944e-13
  +3.9000000e-01   +4.2000000e-01   +4.3345400e-12   +7.3267067e-13
  +4.2000000e-01   +4.5000000e-01   +4.8299200e-12   +7.7341076e-13
  +4.5000000e-01   +4.8000000e-01   +3.5914700e-12   +6.6692542e-13
  +4.8000000e-01   +5.1000000e-01   +5.5729800e-12   +8.3078185e-13
  +5.1000000e-01   +5.4000000e-01   +5.6968200e-12   +8.3996258e-13
  +5.4000000e-01   +5.7000000e-01   +5.5729700e-12   +8.3078094e-13
  +5.7000000e-01   +6.0000000e-01   +8.0498900e-12   +9.9846797e-13
  +6.0000000e-01   +6.3000000e-01   +7.3068200e-12   +9.5127836e-13
  +6.3000000e-01   +6.6000000e-01   +7.9260200e-12   +9.9077213e-13
  +6.6000000e-01   +6.9000000e-01   +9.2883300e-12   +1.0725333e-12
  +6.9000000e-01   +7.2000000e-01   +8.2975800e-12   +1.0137204e-12
  +7.2000000e-01   +7.5000000e-01   +9.6598900e-12   +1.0937748e-12
  +7.5000000e-01   +7.8000000e-01   +9.6598700e-12   +1.0937754e-12
  +7.8000000e-01   +8.1000000e-01   +9.5360300e-12   +1.0867395e-12
  +8.1000000e-01   +8.4000000e-01   +1.1889070e-11   +1.2134279e-12
  +8.4000000e-01   +8.7000000e-01   +1.3003680e-11   +1.2690284e-12
  +8.7000000e-01   +9.0000000e-01   +1.3746640e-11   +1.3047889e-12
  +9.0000000e-01   +9.3000000e-01   +1.3994340e-11   +1.3164871e-12
  +9.3000000e-01   +9.6000000e-01   +1.5975840e-11   +1.4066028e-12
  +9.6000000e-01   +9.9000000e-01   +1.9567330e-11   +1.5567064e-12
  +9.9000000e-01   +1.0200000e+00   +1.9071920e-11   +1.5368703e-12
  +1.0200000e+00   +1.0500000e+00   +1.8452710e-11   +1.5117175e-12
  +1.0500000e+00   +1.0800000e+00   +1.9195680e-11   +1.5418497e-12
  +1.0800000e+00   +1.1100000e+00   +1.9938760e-11   +1.5714119e-12
  +1.1100000e+00   +1.1400000e+00   +2.5264270e-11   +1.7688581e-12
  +1.1400000e+00   +1.1700000e+00   +2.8484200e-11   +1.8782017e-12
  +1.1700000e+00   +1.2000000e+00   +2.6874320e-11   +1.8243500e-12
  +1.2000000e+00   +1.2300000e+00   +2.7865070e-11   +1.8576755e-12
  +1.2300000e+00   +1.2600000e+00   +3.1951900e-11   +1.9892411e-12
  +1.2600000e+00   +1.2900000e+00   +2.3901990e-11   +1.7205047e-12
  +1.2900000e+00   +1.3200000e+00   +3.1704260e-11   +1.9815198e-12
  +1.3200000e+00   +1.3500000e+00   +3.3685700e-11   +2.0425053e-12
  +1.3500000e+00   +1.3800000e+00   +3.4181100e-11   +2.0574666e-12
  +1.3800000e+00   +1.4100000e+00   +3.5791100e-11   +2.1053640e-12
  +1.4100000e+00   +1.4400000e+00   +3.5667400e-11   +2.1017188e-12
  +1.4400000e+00   +1.4700000e+00   +3.7277300e-11   +2.1486277e-12
  +1.4700000e+00   +1.5000000e+00   +3.8392000e-11   +2.1805166e-12
  +1.5000000e+00   +1.5300000e+00   +3.5171800e-11   +2.0870725e-12
  +1.5300000e+00   +1.5600000e+00   +3.8392100e-11   +2.1805117e-12
  +1.5600000e+00   +1.5900000e+00   +3.5295700e-11   +2.0907410e-12
  +1.5900000e+00   +1.6200000e+00   +3.4428760e-11   +2.0649079e-12
  +1.6200000e+00   +1.6500000e+00   +3.3190600e-11   +2.0274277e-12
  +1.6500000e+00   +1.6800000e+00   +3.1704460e-11   +1.9815235e-12
  +1.6800000e+00   +1.7100000e+00   +3.1208900e-11   +1.9659788e-12
  +1.7100000e+00   +1.7400000e+00   +2.3778210e-11   +1.7160496e-12
  +1.7400000e+00   +1.7700000e+00   +2.1920400e-11   +1.6476485e-12
  +1.7700000e+00   +1.8000000e+00   +1.9814950e-11   +1.5665269e-12
  +1.8000000e+00   +1.8300000e+00   +1.8081320e-11   +1.4964242e-12
  +1.8300000e+00   +1.8600000e+00   +1.1889020e-11   +1.2134315e-12
  +1.8600000e+00   +1.8900000e+00   +8.7929700e-12   +1.0435371e-12
  +1.8900000e+00   +1.9200000e+00   +6.0683700e-12   +8.6691885e-13
  +1.9200000e+00   +1.9500000e+00   +3.0960700e-12   +6.1922099e-13
  +1.9500000e+00   +1.9800000e+00   +3.7152000e-13   +2.1449717e-13
  +1.9800000e+00   +2.0100000e+00   +0.0000000e+00   +0.0000000e+00
  +2.0100000e+00   +2.0400000e+00   +0.0000000e+00   +0.0000000e+00
  +2.0400000e+00   +2.0700000e+00   +0.0000000e+00   +0.0000000e+00
  +2.0700000e+00   +2.1000000e+00   +0.0000000e+00   +0.0000000e+00
  +2.1000000e+00   +2.1300000e+00   +0.0000000e+00   +0.0000000e+00
  +2.1300000e+00   +2.1600000e+00   +0.0000000e+00   +0.0000000e+00
  +2.1600000e+00   +2.1900000e+00   +0.0000000e+00   +0.0000000e+00
  +2.1900000e+00   +2.2200000e+00   +0.0000000e+00   +0.0000000e+00
  +2.2200000e+00   +2.2500000e+00   +0.0000000e+00   +0.0000000e+00
  +2.2500000e+00   +2.2800000e+00   +0.0000000e+00   +0.0000000e+00
  +2.2800000e+00   +2.3100000e+00   +0.0000000e+00   +0.0000000e+00
  +2.3100000e+00   +2.3400000e+00   +0.0000000e+00   +0.0000000e+00
  +2.3400000e+00   +2.3700000e+00   +0.0000000e+00   +0.0000000e+00
  +2.3700000e+00   +2.4000000e+00   +0.0000000e+00   +0.0000000e+00
  +2.4000000e+00   +2.4300000e+00   +0.0000000e+00   +0.0000000e+00
  +2.4300000e+00   +2.4600000e+00   +0.0000000e+00   +0.0000000e+00
  +2.4600000e+00   +2.4900000e+00   +0.0000000e+00   +0.0000000e+00
  +2.4900000e+00   +2.5200000e+00   +0.0000000e+00   +0.0000000e+00
  +2.5200000e+00   +2.5500000e+00   +0.0000000e+00   +0.0000000e+00
  +2.5500000e+00   +2.5800000e+00   +0.0000000e+00   +0.0000000e+00
  +2.5800000e+00   +2.6100000e+00   +0.0000000e+00   +0.0000000e+00
  +2.6100000e+00   +2.6400000e+00   +0.0000000e+00   +0.0000000e+00
  +2.6400000e+00   +2.6700000e+00   +0.0000000e+00   +0.0000000e+00
  +2.6700000e+00   +2.7000000e+00   +0.0000000e+00   +0.0000000e+00
  +2.7000000e+00   +2.7300000e+00   +0.0000000e+00   +0.0000000e+00
  +2.7300000e+00   +2.7600000e+00   +0.0000000e+00   +0.0000000e+00
  +2.7600000e+00   +2.7900000e+00   +0.0000000e+00   +0.0000000e+00
  +2.7900000e+00   +2.8200000e+00   +0.0000000e+00   +0.0000000e+00
  +2.8200000e+00   +2.8500000e+00   +0.0000000e+00   +0.0000000e+00
  +2.8500000e+00   +2.8800000e+00   +0.0000000e+00   +0.0000000e+00
  +2.8800000e+00   +2.9100000e+00   +0.0000000e+00   +0.0000000e+00
  +2.9100000e+00   +2.9400000e+00   +0.0000000e+00   +0.0000000e+00
  +2.9400000e+00   +2.9700000e+00   +0.0000000e+00   +0.0000000e+00
  +2.9700000e+00   +3.0000000e+00   +0.0000000e+00   +0.0000000e+00
<\histogram>
##& xmin & xmax & central value & dy & 

<histogram> 100 "log10d12 [] |X_AXIS@LIN |Y_AXIS@LOG |JETSAMPLE@0"
  +0.0000000e+00   +3.0000000e-02   +1.0898320e-11   +1.1617745e-12
  +3.0000000e-02   +6.0000000e-02   +9.5359700e-12   +1.0867333e-12
  +6.0000000e-02   +9.0000000e-02   +1.3251330e-11   +1.2810645e-12
  +9.0000000e-02   +1.2000000e-01   +1.2012870e-11   +1.2197320e-12
  +1.2000000e-01   +1.5000000e-01   +1.3498930e-11   +1.2929781e-12
  +1.5000000e-01   +1.8000000e-01   +1.1022120e-11   +1.1683490e-12
  +1.8000000e-01   +2.1000000e-01   +1.2508300e-11   +1.2446273e-12
  +2.1000000e-01   +2.4000000e-01   +9.9075600e-12   +1.1077080e-12
  +2.4000000e-01   +2.7000000e-01   +1.2756010e-11   +1.2568941e-12
  +2.7000000e-01   +3.0000000e-01   +1.1022190e-11   +1.1683560e-12
  +3.0000000e-01   +3.3000000e-01   +9.4121800e-12   +1.0796639e-12
  +3.3000000e-01   +3.6000000e-01   +1.1393720e-11   +1.1878856e-12
  +3.6000000e-01   +3.9000000e-01   +9.5360300e-12   +1.0867430e-12
  +3.9000000e-01   +4.2000000e-01   +8.9167900e-12   +1.0508624e-12
  +4.2000000e-01   +4.5000000e-01   +8.4214100e-12   +1.0212501e-12
  +4.5000000e-01   +4.8000000e-01   +8.7929700e-12   +1.0435439e-12
  +4.8000000e-01   +5.1000000e-01   +8.5452700e-12   +1.0287370e-12
  +5.1000000e-01   +5.4000000e-01   +9.2883300e-12   +1.0725284e-12
  +5.4000000e-01   +5.7000000e-01   +9.1644400e-12   +1.0653613e-12
  +5.7000000e-01   +6.0000000e-01   +9.2883300e-12   +1.0725295e-12
  +6.0000000e-01   +6.3000000e-01   +9.5360300e-12   +1.0867427e-12
  +6.3000000e-01   +6.6000000e-01   +8.2975800e-12   +1.0137189e-12
  +6.6000000e-01   +6.9000000e-01   +1.0774480e-11   +1.1551521e-12
  +6.9000000e-01   +7.2000000e-01   +1.0031420e-11   +1.1146080e-12
  +7.2000000e-01   +7.5000000e-01   +1.1641390e-11   +1.2007207e-12
  +7.5000000e-01   +7.8000000e-01   +1.4489630e-11   +1.3395858e-12
  +7.8000000e-01   +8.1000000e-01   +1.2012820e-11   +1.2197383e-12
  +8.1000000e-01   +8.4000000e-01   +1.3870520e-11   +1.3106572e-12
  +8.4000000e-01   +8.7000000e-01   +1.3994300e-11   +1.3164911e-12
  +8.7000000e-01   +9.0000000e-01   +1.4118230e-11   +1.3223003e-12
  +9.0000000e-01   +9.3000000e-01   +1.4242090e-11   +1.3280877e-12
  +9.3000000e-01   +9.6000000e-01   +1.3127450e-11   +1.2750601e-12
  +9.6000000e-01   +9.9000000e-01   +1.2632060e-11   +1.2507762e-12
  +9.9000000e-01   +1.0200000e+00   +1.4118330e-11   +1.3223004e-12
  +1.0200000e+00   +1.0500000e+00   +1.3746650e-11   +1.3047917e-12
  +1.0500000e+00   +1.0800000e+00   +1.2879830e-11   +1.2629728e-12
  +1.0800000e+00   +1.1100000e+00   +1.3746650e-11   +1.3047863e-12
  +1.1100000e+00   +1.1400000e+00   +1.2632150e-11   +1.2507731e-12
  +1.1400000e+00   +1.1700000e+00   +1.6471200e-11   +1.4282531e-12
  +1.1700000e+00   +1.2000000e+00   +1.2632160e-11   +1.2507724e-12
  +1.2000000e+00   +1.2300000e+00   +1.1517570e-11   +1.1943242e-12
  +1.2300000e+00   +1.2600000e+00   +1.1641340e-11   +1.2007266e-12
  +1.2600000e+00   +1.2900000e+00   +1.1269760e-11   +1.1814125e-12
  +1.2900000e+00   +1.3200000e+00   +1.3251300e-11   +1.2810653e-12
  +1.3200000e+00   +1.3500000e+00   +8.5452700e-12   +1.0287427e-12
  +1.3500000e+00   +1.3800000e+00   +8.1737200e-12   +1.0061232e-12
  +1.3800000e+00   +1.4100000e+00   +9.2883400e-12   +1.0725316e-12
  +1.4100000e+00   +1.4400000e+00   +7.0591400e-12   +9.3501133e-13
  +1.4400000e+00   +1.4700000e+00   +6.1922000e-12   +8.7572208e-13
  +1.4700000e+00   +1.5000000e+00   +5.5729700e-12   +8.3078053e-13
  +1.5000000e+00   +1.5300000e+00   +5.8206700e-12   +8.4903902e-13
  +1.5300000e+00   +1.5600000e+00   +5.2014500e-12   +8.0260796e-13
  +1.5600000e+00   +1.5900000e+00   +5.2014400e-12   +8.0260833e-13
  +1.5900000e+00   +1.6200000e+00   +4.4583800e-12   +7.4306515e-13
  +1.6200000e+00   +1.6500000e+00   +2.9722500e-12   +6.0670635e-13
  +1.6500000e+00   +1.6800000e+00   +2.8484000e-12   +5.9393017e-13
  +1.6800000e+00   +1.7100000e+00   +1.9814800e-12   +4.9536536e-13
  +1.7100000e+00   +1.7400000e+00   +1.6099500e-12   +4.4652061e-13
  +1.7400000e+00   +1.7700000e+00   +1.8576300e-12   +4.7963876e-13
  +1.7700000e+00   +1.8000000e+00   +6.1920000e-13   +2.7691466e-13
  +1.8000000e+00   +1.8300000e+00   +4.9536000e-13   +2.4768000e-13
  +1.8300000e+00   +1.8600000e+00   +2.4768000e-13   +1.7513621e-13
  +1.8600000e+00   +1.8900000e+00   +0.0000000e+00   +0.0000000e+00
  +1.8900000e+00   +1.9200000e+00   +0.0000000e+00   +0.0000000e+00
  +1.9200000e+00   +1.9500000e+00   +0.0000000e+00   +0.0000000e+00
  +1.9500000e+00   +1.9800000e+00   +0.0000000e+00   +0.0000000e+00
  +1.9800000e+00   +2.0100000e+00   +0.0000000e+00   +0.0000000e+00
  +2.0100000e+00   +2.0400000e+00   +0.0000000e+00   +0.0000000e+00
  +2.0400000e+00   +2.0700000e+00   +0.0000000e+00   +0.0000000e+00
  +2.0700000e+00   +2.1000000e+00   +0.0000000e+00   +0.0000000e+00
  +2.1000000e+00   +2.1300000e+00   +0.0000000e+00   +0.0000000e+00
  +2.1300000e+00   +2.1600000e+00   +0.0000000e+00   +0.0000000e+00
  +2.1600000e+00   +2.1900000e+00   +0.0000000e+00   +0.0000000e+00
  +2.1900000e+00   +2.2200000e+00   +0.0000000e+00   +0.0000000e+00
  +2.2200000e+00   +2.2500000e+00   +0.0000000e+00   +0.0000000e+00
  +2.2500000e+00   +2.2800000e+00   +0.0000000e+00   +0.0000000e+00
  +2.2800000e+00   +2.3100000e+00   +0.0000000e+00   +0.0000000e+00
  +2.3100000e+00   +2.3400000e+00   +0.0000000e+00   +0.0000000e+00
  +2.3400000e+00   +2.3700000e+00   +0.0000000e+00   +0.0000000e+00
  +2.3700000e+00   +2.4000000e+00   +0.0000000e+00   +0.0000000e+00
  +2.4000000e+00   +2.4300000e+00   +0.0000000e+00   +0.0000000e+00
  +2.4300000e+00   +2.4600000e+00   +0.0000000e+00   +0.0000000e+00
  +2.4600000e+00   +2.4900000e+00   +0.0000000e+00   +0.0000000e+00
  +2.4900000e+00   +2.5200000e+00   +0.0000000e+00   +0.0000000e+00
  +2.5200000e+00   +2.5500000e+00   +0.0000000e+00   +0.0000000e+00
  +2.5500000e+00   +2.5800000e+00   +0.0000000e+00   +0.0000000e+00
  +2.5800000e+00   +2.6100000e+00   +0.0000000e+00   +0.0000000e+00
  +2.6100000e+00   +2.6400000e+00   +0.0000000e+00   +0.0000000e+00
  +2.6400000e+00   +2.6700000e+00   +0.0000000e+00   +0.0000000e+00
  +2.6700000e+00   +2.7000000e+00   +0.0000000e+00   +0.0000000e+00
  +2.7000000e+00   +2.7300000e+00   +0.0000000e+00   +0.0000000e+00
  +2.7300000e+00   +2.7600000e+00   +0.0000000e+00   +0.0000000e+00
  +2.7600000e+00   +2.7900000e+00   +0.0000000e+00   +0.0000000e+00
  +2.7900000e+00   +2.8200000e+00   +0.0000000e+00   +0.0000000e+00
  +2.8200000e+00   +2.8500000e+00   +0.0000000e+00   +0.0000000e+00
  +2.8500000e+00   +2.8800000e+00   +0.0000000e+00   +0.0000000e+00
  +2.8800000e+00   +2.9100000e+00   +0.0000000e+00   +0.0000000e+00
  +2.9100000e+00   +2.9400000e+00   +0.0000000e+00   +0.0000000e+00
  +2.9400000e+00   +2.9700000e+00   +0.0000000e+00   +0.0000000e+00
  +2.9700000e+00   +3.0000000e+00   +0.0000000e+00   +0.0000000e+00
<\histogram>


##& xmin & xmax & central value & dy & 

<histogram> 100 "log10d23 [] |X_AXIS@LIN |Y_AXIS@LOG |JETSAMPLE@0"
  +0.0000000e+00   +3.0000000e-02   +1.8576610e-11   +1.5167868e-12
  +3.0000000e-02   +6.0000000e-02   +1.4985080e-11   +1.3622966e-12
  +6.0000000e-02   +9.0000000e-02   +1.4365970e-11   +1.3338549e-12
  +9.0000000e-02   +1.2000000e-01   +1.4365960e-11   +1.3338594e-12
  +1.2000000e-01   +1.5000000e-01   +1.5480310e-11   +1.3846242e-12
  +1.5000000e-01   +1.8000000e-01   +1.1393680e-11   +1.1878878e-12
  +1.8000000e-01   +2.1000000e-01   +1.4241990e-11   +1.3280888e-12
  +2.1000000e-01   +2.4000000e-01   +1.1269810e-11   +1.1814140e-12
  +2.4000000e-01   +2.7000000e-01   +1.3375160e-11   +1.2870348e-12
  +2.7000000e-01   +3.0000000e-01   +1.0526790e-11   +1.1417941e-12
  +3.0000000e-01   +3.3000000e-01   +1.0898320e-11   +1.1617715e-12
  +3.3000000e-01   +3.6000000e-01   +8.1737400e-12   +1.0061204e-12
  +3.6000000e-01   +3.9000000e-01   +6.8114200e-12   +9.1846507e-13
  +3.9000000e-01   +4.2000000e-01   +3.5914800e-12   +6.6692047e-13
  +4.2000000e-01   +4.5000000e-01   +2.6007100e-12   +5.6751804e-13
  +4.5000000e-01   +4.8000000e-01   +6.1920000e-13   +2.7691466e-13
  +4.8000000e-01   +5.1000000e-01   +2.4768000e-13   +1.7513621e-13
  +5.1000000e-01   +5.4000000e-01   +2.4768000e-13   +1.7513621e-13
  +5.4000000e-01   +5.7000000e-01   +0.0000000e+00   +0.0000000e+00
  +5.7000000e-01   +6.0000000e-01   +0.0000000e+00   +0.0000000e+00
  +6.0000000e-01   +6.3000000e-01   +0.0000000e+00   +0.0000000e+00
  +6.3000000e-01   +6.6000000e-01   +0.0000000e+00   +0.0000000e+00
  +6.6000000e-01   +6.9000000e-01   +0.0000000e+00   +0.0000000e+00
  +6.9000000e-01   +7.2000000e-01   +0.0000000e+00   +0.0000000e+00
  +7.2000000e-01   +7.5000000e-01   +0.0000000e+00   +0.0000000e+00
  +7.5000000e-01   +7.8000000e-01   +0.0000000e+00   +0.0000000e+00
  +7.8000000e-01   +8.1000000e-01   +0.0000000e+00   +0.0000000e+00
  +8.1000000e-01   +8.4000000e-01   +0.0000000e+00   +0.0000000e+00
  +8.4000000e-01   +8.7000000e-01   +0.0000000e+00   +0.0000000e+00
  +8.7000000e-01   +9.0000000e-01   +0.0000000e+00   +0.0000000e+00
  +9.0000000e-01   +9.3000000e-01   +0.0000000e+00   +0.0000000e+00
  +9.3000000e-01   +9.6000000e-01   +0.0000000e+00   +0.0000000e+00
  +9.6000000e-01   +9.9000000e-01   +0.0000000e+00   +0.0000000e+00
  +9.9000000e-01   +1.0200000e+00   +0.0000000e+00   +0.0000000e+00
  +1.0200000e+00   +1.0500000e+00   +0.0000000e+00   +0.0000000e+00
  +1.0500000e+00   +1.0800000e+00   +0.0000000e+00   +0.0000000e+00
  +1.0800000e+00   +1.1100000e+00   +0.0000000e+00   +0.0000000e+00
  +1.1100000e+00   +1.1400000e+00   +0.0000000e+00   +0.0000000e+00
  +1.1400000e+00   +1.1700000e+00   +0.0000000e+00   +0.0000000e+00
  +1.1700000e+00   +1.2000000e+00   +0.0000000e+00   +0.0000000e+00
  +1.2000000e+00   +1.2300000e+00   +0.0000000e+00   +0.0000000e+00
  +1.2300000e+00   +1.2600000e+00   +0.0000000e+00   +0.0000000e+00
  +1.2600000e+00   +1.2900000e+00   +0.0000000e+00   +0.0000000e+00
  +1.2900000e+00   +1.3200000e+00   +0.0000000e+00   +0.0000000e+00
  +1.3200000e+00   +1.3500000e+00   +0.0000000e+00   +0.0000000e+00
  +1.3500000e+00   +1.3800000e+00   +0.0000000e+00   +0.0000000e+00
  +1.3800000e+00   +1.4100000e+00   +0.0000000e+00   +0.0000000e+00
  +1.4100000e+00   +1.4400000e+00   +0.0000000e+00   +0.0000000e+00
  +1.4400000e+00   +1.4700000e+00   +0.0000000e+00   +0.0000000e+00
  +1.4700000e+00   +1.5000000e+00   +0.0000000e+00   +0.0000000e+00
  +1.5000000e+00   +1.5300000e+00   +0.0000000e+00   +0.0000000e+00
  +1.5300000e+00   +1.5600000e+00   +0.0000000e+00   +0.0000000e+00
  +1.5600000e+00   +1.5900000e+00   +0.0000000e+00   +0.0000000e+00
  +1.5900000e+00   +1.6200000e+00   +0.0000000e+00   +0.0000000e+00
  +1.6200000e+00   +1.6500000e+00   +0.0000000e+00   +0.0000000e+00
  +1.6500000e+00   +1.6800000e+00   +0.0000000e+00   +0.0000000e+00
  +1.6800000e+00   +1.7100000e+00   +0.0000000e+00   +0.0000000e+00
  +1.7100000e+00   +1.7400000e+00   +0.0000000e+00   +0.0000000e+00
  +1.7400000e+00   +1.7700000e+00   +0.0000000e+00   +0.0000000e+00
  +1.7700000e+00   +1.8000000e+00   +0.0000000e+00   +0.0000000e+00
  +1.8000000e+00   +1.8300000e+00   +0.0000000e+00   +0.0000000e+00
  +1.8300000e+00   +1.8600000e+00   +0.0000000e+00   +0.0000000e+00
  +1.8600000e+00   +1.8900000e+00   +0.0000000e+00   +0.0000000e+00
  +1.8900000e+00   +1.9200000e+00   +0.0000000e+00   +0.0000000e+00
  +1.9200000e+00   +1.9500000e+00   +0.0000000e+00   +0.0000000e+00
  +1.9500000e+00   +1.9800000e+00   +0.0000000e+00   +0.0000000e+00
  +1.9800000e+00   +2.0100000e+00   +0.0000000e+00   +0.0000000e+00
  +2.0100000e+00   +2.0400000e+00   +0.0000000e+00   +0.0000000e+00
  +2.0400000e+00   +2.0700000e+00   +0.0000000e+00   +0.0000000e+00
  +2.0700000e+00   +2.1000000e+00   +0.0000000e+00   +0.0000000e+00
  +2.1000000e+00   +2.1300000e+00   +0.0000000e+00   +0.0000000e+00
  +2.1300000e+00   +2.1600000e+00   +0.0000000e+00   +0.0000000e+00
  +2.1600000e+00   +2.1900000e+00   +0.0000000e+00   +0.0000000e+00
  +2.1900000e+00   +2.2200000e+00   +0.0000000e+00   +0.0000000e+00
  +2.2200000e+00   +2.2500000e+00   +0.0000000e+00   +0.0000000e+00
  +2.2500000e+00   +2.2800000e+00   +0.0000000e+00   +0.0000000e+00
  +2.2800000e+00   +2.3100000e+00   +0.0000000e+00   +0.0000000e+00
  +2.3100000e+00   +2.3400000e+00   +0.0000000e+00   +0.0000000e+00
  +2.3400000e+00   +2.3700000e+00   +0.0000000e+00   +0.0000000e+00
  +2.3700000e+00   +2.4000000e+00   +0.0000000e+00   +0.0000000e+00
  +2.4000000e+00   +2.4300000e+00   +0.0000000e+00   +0.0000000e+00
  +2.4300000e+00   +2.4600000e+00   +0.0000000e+00   +0.0000000e+00
  +2.4600000e+00   +2.4900000e+00   +0.0000000e+00   +0.0000000e+00
  +2.4900000e+00   +2.5200000e+00   +0.0000000e+00   +0.0000000e+00
  +2.5200000e+00   +2.5500000e+00   +0.0000000e+00   +0.0000000e+00
  +2.5500000e+00   +2.5800000e+00   +0.0000000e+00   +0.0000000e+00
  +2.5800000e+00   +2.6100000e+00   +0.0000000e+00   +0.0000000e+00
  +2.6100000e+00   +2.6400000e+00   +0.0000000e+00   +0.0000000e+00
  +2.6400000e+00   +2.6700000e+00   +0.0000000e+00   +0.0000000e+00
  +2.6700000e+00   +2.7000000e+00   +0.0000000e+00   +0.0000000e+00
  +2.7000000e+00   +2.7300000e+00   +0.0000000e+00   +0.0000000e+00
  +2.7300000e+00   +2.7600000e+00   +0.0000000e+00   +0.0000000e+00
  +2.7600000e+00   +2.7900000e+00   +0.0000000e+00   +0.0000000e+00
  +2.7900000e+00   +2.8200000e+00   +0.0000000e+00   +0.0000000e+00
  +2.8200000e+00   +2.8500000e+00   +0.0000000e+00   +0.0000000e+00
  +2.8500000e+00   +2.8800000e+00   +0.0000000e+00   +0.0000000e+00
  +2.8800000e+00   +2.9100000e+00   +0.0000000e+00   +0.0000000e+00
  +2.9100000e+00   +2.9400000e+00   +0.0000000e+00   +0.0000000e+00
  +2.9400000e+00   +2.9700000e+00   +0.0000000e+00   +0.0000000e+00
  +2.9700000e+00   +3.0000000e+00   +0.0000000e+00   +0.0000000e+00
<\histogram>


##& xmin & xmax & central value & dy & 

<histogram> 100 "log10d34 [] |X_AXIS@LIN |Y_AXIS@LOG |JETSAMPLE@0"
  +0.0000000e+00   +3.0000000e-02   +3.5914600e-12   +6.6692614e-13
  +3.0000000e-02   +6.0000000e-02   +2.6007100e-12   +5.6752007e-13
  +6.0000000e-02   +9.0000000e-02   +2.3530100e-12   +5.3981819e-13
  +9.0000000e-02   +1.2000000e-01   +2.7245400e-12   +5.8088016e-13
  +1.2000000e-01   +1.5000000e-01   +2.4768700e-12   +5.5383979e-13
  +1.5000000e-01   +1.8000000e-01   +1.6099200e-12   +4.4651147e-13
  +1.8000000e-01   +2.1000000e-01   +1.6099400e-12   +4.4651445e-13
  +2.1000000e-01   +2.4000000e-01   +1.1145700e-12   +3.7152741e-13
  +2.4000000e-01   +2.7000000e-01   +8.6688000e-13   +3.2764984e-13
  +2.7000000e-01   +3.0000000e-01   +3.7152000e-13   +2.1449717e-13
  +3.0000000e-01   +3.3000000e-01   +3.7152000e-13   +2.1449717e-13
  +3.3000000e-01   +3.6000000e-01   +0.0000000e+00   +0.0000000e+00
  +3.6000000e-01   +3.9000000e-01   +0.0000000e+00   +0.0000000e+00
  +3.9000000e-01   +4.2000000e-01   +0.0000000e+00   +0.0000000e+00
  +4.2000000e-01   +4.5000000e-01   +0.0000000e+00   +0.0000000e+00
  +4.5000000e-01   +4.8000000e-01   +0.0000000e+00   +0.0000000e+00
  +4.8000000e-01   +5.1000000e-01   +0.0000000e+00   +0.0000000e+00
  +5.1000000e-01   +5.4000000e-01   +0.0000000e+00   +0.0000000e+00
  +5.4000000e-01   +5.7000000e-01   +0.0000000e+00   +0.0000000e+00
  +5.7000000e-01   +6.0000000e-01   +0.0000000e+00   +0.0000000e+00
  +6.0000000e-01   +6.3000000e-01   +0.0000000e+00   +0.0000000e+00
  +6.3000000e-01   +6.6000000e-01   +0.0000000e+00   +0.0000000e+00
  +6.6000000e-01   +6.9000000e-01   +0.0000000e+00   +0.0000000e+00
  +6.9000000e-01   +7.2000000e-01   +0.0000000e+00   +0.0000000e+00
  +7.2000000e-01   +7.5000000e-01   +0.0000000e+00   +0.0000000e+00
  +7.5000000e-01   +7.8000000e-01   +0.0000000e+00   +0.0000000e+00
  +7.8000000e-01   +8.1000000e-01   +0.0000000e+00   +0.0000000e+00
  +8.1000000e-01   +8.4000000e-01   +0.0000000e+00   +0.0000000e+00
  +8.4000000e-01   +8.7000000e-01   +0.0000000e+00   +0.0000000e+00
  +8.7000000e-01   +9.0000000e-01   +0.0000000e+00   +0.0000000e+00
  +9.0000000e-01   +9.3000000e-01   +0.0000000e+00   +0.0000000e+00
  +9.3000000e-01   +9.6000000e-01   +0.0000000e+00   +0.0000000e+00
  +9.6000000e-01   +9.9000000e-01   +0.0000000e+00   +0.0000000e+00
  +9.9000000e-01   +1.0200000e+00   +0.0000000e+00   +0.0000000e+00
  +1.0200000e+00   +1.0500000e+00   +0.0000000e+00   +0.0000000e+00
  +1.0500000e+00   +1.0800000e+00   +0.0000000e+00   +0.0000000e+00
  +1.0800000e+00   +1.1100000e+00   +0.0000000e+00   +0.0000000e+00
  +1.1100000e+00   +1.1400000e+00   +0.0000000e+00   +0.0000000e+00
  +1.1400000e+00   +1.1700000e+00   +0.0000000e+00   +0.0000000e+00
  +1.1700000e+00   +1.2000000e+00   +0.0000000e+00   +0.0000000e+00
  +1.2000000e+00   +1.2300000e+00   +0.0000000e+00   +0.0000000e+00
  +1.2300000e+00   +1.2600000e+00   +0.0000000e+00   +0.0000000e+00
  +1.2600000e+00   +1.2900000e+00   +0.0000000e+00   +0.0000000e+00
  +1.2900000e+00   +1.3200000e+00   +0.0000000e+00   +0.0000000e+00
  +1.3200000e+00   +1.3500000e+00   +0.0000000e+00   +0.0000000e+00
  +1.3500000e+00   +1.3800000e+00   +0.0000000e+00   +0.0000000e+00
  +1.3800000e+00   +1.4100000e+00   +0.0000000e+00   +0.0000000e+00
  +1.4100000e+00   +1.4400000e+00   +0.0000000e+00   +0.0000000e+00
  +1.4400000e+00   +1.4700000e+00   +0.0000000e+00   +0.0000000e+00
  +1.4700000e+00   +1.5000000e+00   +0.0000000e+00   +0.0000000e+00
  +1.5000000e+00   +1.5300000e+00   +0.0000000e+00   +0.0000000e+00
  +1.5300000e+00   +1.5600000e+00   +0.0000000e+00   +0.0000000e+00
  +1.5600000e+00   +1.5900000e+00   +0.0000000e+00   +0.0000000e+00
  +1.5900000e+00   +1.6200000e+00   +0.0000000e+00   +0.0000000e+00
  +1.6200000e+00   +1.6500000e+00   +0.0000000e+00   +0.0000000e+00
  +1.6500000e+00   +1.6800000e+00   +0.0000000e+00   +0.0000000e+00
  +1.6800000e+00   +1.7100000e+00   +0.0000000e+00   +0.0000000e+00
  +1.7100000e+00   +1.7400000e+00   +0.0000000e+00   +0.0000000e+00
  +1.7400000e+00   +1.7700000e+00   +0.0000000e+00   +0.0000000e+00
  +1.7700000e+00   +1.8000000e+00   +0.0000000e+00   +0.0000000e+00
  +1.8000000e+00   +1.8300000e+00   +0.0000000e+00   +0.0000000e+00
  +1.8300000e+00   +1.8600000e+00   +0.0000000e+00   +0.0000000e+00
  +1.8600000e+00   +1.8900000e+00   +0.0000000e+00   +0.0000000e+00
  +1.8900000e+00   +1.9200000e+00   +0.0000000e+00   +0.0000000e+00
  +1.9200000e+00   +1.9500000e+00   +0.0000000e+00   +0.0000000e+00
  +1.9500000e+00   +1.9800000e+00   +0.0000000e+00   +0.0000000e+00
  +1.9800000e+00   +2.0100000e+00   +0.0000000e+00   +0.0000000e+00
  +2.0100000e+00   +2.0400000e+00   +0.0000000e+00   +0.0000000e+00
  +2.0400000e+00   +2.0700000e+00   +0.0000000e+00   +0.0000000e+00
  +2.0700000e+00   +2.1000000e+00   +0.0000000e+00   +0.0000000e+00
  +2.1000000e+00   +2.1300000e+00   +0.0000000e+00   +0.0000000e+00
  +2.1300000e+00   +2.1600000e+00   +0.0000000e+00   +0.0000000e+00
  +2.1600000e+00   +2.1900000e+00   +0.0000000e+00   +0.0000000e+00
  +2.1900000e+00   +2.2200000e+00   +0.0000000e+00   +0.0000000e+00
  +2.2200000e+00   +2.2500000e+00   +0.0000000e+00   +0.0000000e+00
  +2.2500000e+00   +2.2800000e+00   +0.0000000e+00   +0.0000000e+00
  +2.2800000e+00   +2.3100000e+00   +0.0000000e+00   +0.0000000e+00
  +2.3100000e+00   +2.3400000e+00   +0.0000000e+00   +0.0000000e+00
  +2.3400000e+00   +2.3700000e+00   +0.0000000e+00   +0.0000000e+00
  +2.3700000e+00   +2.4000000e+00   +0.0000000e+00   +0.0000000e+00
  +2.4000000e+00   +2.4300000e+00   +0.0000000e+00   +0.0000000e+00
  +2.4300000e+00   +2.4600000e+00   +0.0000000e+00   +0.0000000e+00
  +2.4600000e+00   +2.4900000e+00   +0.0000000e+00   +0.0000000e+00
  +2.4900000e+00   +2.5200000e+00   +0.0000000e+00   +0.0000000e+00
  +2.5200000e+00   +2.5500000e+00   +0.0000000e+00   +0.0000000e+00
  +2.5500000e+00   +2.5800000e+00   +0.0000000e+00   +0.0000000e+00
  +2.5800000e+00   +2.6100000e+00   +0.0000000e+00   +0.0000000e+00
  +2.6100000e+00   +2.6400000e+00   +0.0000000e+00   +0.0000000e+00
  +2.6400000e+00   +2.6700000e+00   +0.0000000e+00   +0.0000000e+00
  +2.6700000e+00   +2.7000000e+00   +0.0000000e+00   +0.0000000e+00
  +2.7000000e+00   +2.7300000e+00   +0.0000000e+00   +0.0000000e+00
  +2.7300000e+00   +2.7600000e+00   +0.0000000e+00   +0.0000000e+00
  +2.7600000e+00   +2.7900000e+00   +0.0000000e+00   +0.0000000e+00
  +2.7900000e+00   +2.8200000e+00   +0.0000000e+00   +0.0000000e+00
  +2.8200000e+00   +2.8500000e+00   +0.0000000e+00   +0.0000000e+00
  +2.8500000e+00   +2.8800000e+00   +0.0000000e+00   +0.0000000e+00
  +2.8800000e+00   +2.9100000e+00   +0.0000000e+00   +0.0000000e+00
  +2.9100000e+00   +2.9400000e+00   +0.0000000e+00   +0.0000000e+00
  +2.9400000e+00   +2.9700000e+00   +0.0000000e+00   +0.0000000e+00
  +2.9700000e+00   +3.0000000e+00   +0.0000000e+00   +0.0000000e+00
<\histogram>

