 -0.00640106240434737  0.03492358778145743  0.06003610750498144  0.07963123234470965
  0.09658686654807001  0.11199378535092035  0.12619232710495545  0.13952395234727250
  0.15209326230368156  0.16417583830905572  0.17572356763531946  0.18694819763016357
  0.19774740704592161  0.20831843979395753  0.21855587332222182  0.22861013494970162
  0.23838621290514220  0.24801501076395061  0.25744074654350829  0.26674742983997801
  0.27590294556234057  0.28493621937260089  0.29384640718782146  0.30263874493704246
  0.31134425630135626  0.31994224206395433  0.32846147850173940  0.33690054920530921
  0.34525503564397919  0.35355850904027286  0.36178548907155905  0.36996255040836795
  0.37808002664062362  0.38614250672460221  0.39416946250568685  0.40214886588494358
  0.41009624573105707  0.41801158293879248  0.42589254582332697  0.43375027853664044
  0.44158287973765836  0.44939215084028106  0.45718650134105748  0.46496813222253913
  0.47273629531058026  0.48049824430556809  0.48825001988549754  0.49599723011577967
  0.50374671649631608  0.51149251613794655  0.51924143440279480  0.52699871867018966
  0.53476209790740148  0.54253713277416893  0.55032534087949403  0.55812594986305997
  0.56594759814943563  0.57379685051096341  0.58167207181078118  0.58958308314276853
  0.59752608123902429  0.60550273571567537  0.61353452980261114  0.62159921005735930
  0.62971827765942934  0.63789426091077595  0.64612051416925265  0.65442124281240299
  0.66276686296454501  0.67119119296789442  0.67969651912205187  0.68828296688578761
  0.69698362034107819  0.70576768246480281  0.71466790571119632  0.72368295526973292
  0.73282226249578919  0.74211974750177900  0.75154581644555252  0.76118687322646306
  0.77096902389874999  0.78101981444691027  0.79123571329027298  0.80179658672151688
  0.81257496208859459  0.82377952766522367  0.83529972744051706  0.84737115978721456
  0.85992958780749684  0.87321234507735412  0.88733301168352652  0.90264972291384438
  0.91955866811678977  0.93911928828396152  0.96432349133155781  1.00000000000000000
 -0.00250632422876468  0.00989044093207789  0.02031283052717132  0.03095502440023390
  0.04155792067871378  0.05201430178726218  0.06253486141434031  0.07305428602095385
  0.08361812264022003  0.09398947783490974  0.10445799929807441  0.11487931459238253
  0.12537801846761196  0.13580485636514142  0.14627046155274392  0.15682828306741387
  0.16737259133400492  0.17788978597701346  0.18836515859852082  0.19883992800486125
  0.20931378979460519  0.21985757572577830  0.23039458719433145  0.24091748038088115
  0.25141741964954606  0.26198169506375707  0.27256271609872185  0.28317228877587647
  0.29368508944071742  0.30420834509466965  0.31474716834716132  0.32529439480537564
  0.33591418131457584  0.34649425724839289  0.35708849269498399  0.36760840870310235
  0.37814225069870272  0.38873449428341839  0.39933469338421973  0.40987161472517197
  0.42034972601579917  0.43075963697964265  0.44117729478768147  0.45166196422435440
  0.46218224935806151  0.47274953380066304  0.48335353211866661  0.49410171885350690
  0.50471685037311464  0.51528515305416411  0.52575509599739267  0.53630202737206822
  0.54676938650135065  0.55736842967537759  0.56791930748755692  0.57845509521718541
  0.58895703797869914  0.59952870832998206  0.61009737892929283  0.62057047418957245
  0.63101889405475731  0.64146040162478046  0.65192148329690214  0.66235161905980600
  0.67279045824732064  0.68329106006344897  0.69377665678325584  0.70432464175062370
  0.71484327033972261  0.72543932672114453  0.73600959761491602  0.74659967581043163
  0.75725157628099760  0.76793536045966981  0.77854981281017566  0.78912169288107226
  0.79969977403914128  0.81031621556052413  0.82082754802494950  0.83135532946276980
  0.84184743582177546  0.85241169960432850  0.86290302004648489  0.87342758354929784
  0.88386518357691768  0.89437737764108094  0.90483481924439080  0.91536450644689249
  0.92589379875133859  0.93646479927782456  0.94709834653555358  0.95767834912245564
  0.96829372659747170  0.97889932687723435  0.98945873838399223  1.00000000000000000
   7.6297820882009341E-008  -1.0000000000000000     
 F F F F F F F F
  <DiscreteSampler_grid>
  grouped_processes
  1 # 1 for a reference and 2 for a running grid.
  10 # Attribute 'min_bin_probing_points' of the grid.
  1 # Attribute 'grid_mode' of the grid. 1=='default',2=='initialization'
  0.0000000000000000 # Attribute 'small_contrib_threshold' of the grid.
  0.5000000000000000 # Attribute 'damping_power' of the grid.
 # binID   n_entries weight   weight_sqr   abs_weight
    10   10   2.383714608183684E+005   7.281808336418515E+010   2.383714608183684E+005
  </DiscreteSampler_grid>
