 -0.00633233151367020  0.03499717011334315  0.06021534966127278  0.07984167562537449
  0.09677724589796904  0.11213061925842480  0.12628276556080970  0.13959175855205838
  0.15215798015083773  0.16424368818015747  0.17579596402219266  0.18701723082961649
  0.19780362256992190  0.20836956004532944  0.21860348843264527  0.22867185147533250
  0.23846541013654923  0.24811431583364602  0.25754943597974966  0.26685362568814391
  0.27599338938026557  0.28501217384971356  0.29391548449206045  0.30270769989823532
  0.31141042104899475  0.31999849127951008  0.32850594194612864  0.33693412240132437
  0.34528518045746553  0.35358712442919976  0.36181421433049743  0.36999056366651711
  0.37810640015008690  0.38616892828610194  0.39419348841251561  0.40217045104035348
  0.41011298720967482  0.41802328028472113  0.42590362247968216  0.43376559286135391
  0.44160644528922727  0.44942433407449639  0.45721880427741823  0.46499278095169400
  0.47275256131410393  0.48050475787509583  0.48825330893069652  0.49599959618344425
  0.50375054934402863  0.51150403262943678  0.51925753899009786  0.52701863170723195
  0.53478468146749492  0.54256724699074599  0.55036462399329866  0.55817826331731846
  0.56601147667445206  0.57386765887959967  0.58174649848214333  0.58965957963838944
  0.59760671723957692  0.60558676564098834  0.61361962380329571  0.62168509039275488
  0.62979815762328673  0.63796644988903861  0.64618456007501701  0.65448273064848206
  0.66283436322356748  0.67126625169355736  0.67977685761285167  0.68836441629188327
  0.69705715769202448  0.70583953049452097  0.71474317127114706  0.72376760823562081
  0.73291901847597551  0.74222848851639711  0.75166509060896447  0.76130770058530184
  0.77109239270945262  0.78114380562176489  0.79136657683331291  0.80192466571801502
  0.81270690818785174  0.82391538238804340  0.83544504922458385  0.84751352636111676
  0.86007385428362415  0.87335934396068082  0.88749246126745351  0.90280104209662027
  0.91969606348787591  0.93922420972373621  0.96437670584806889  1.00000000000000000
 -0.00255251406717722  0.00995945461663335  0.02028425033633113  0.03074618965590657
  0.04122190662251757  0.05175481021077496  0.06232811313145961  0.07284569845982407
  0.08336641760931107  0.09389220656870241  0.10436543358661791  0.11486826759738251
  0.12538436803902658  0.13582323721598571  0.14627135259906052  0.15680110751864101
  0.16727769225502345  0.17782152764681414  0.18826084987975428  0.19886953039444516
  0.20949710669119617  0.22013349785638006  0.23075609920400866  0.24129732384594141
  0.25191002390952538  0.26258792985286994  0.27323090379826070  0.28380526562508784
  0.29436088787085246  0.30495707246168546  0.31556193539160138  0.32618792620654108
  0.33673633925526425  0.34730792398005766  0.35780796125477826  0.36832822813654342
  0.37880995519160321  0.38928351973228653  0.39979418845107978  0.41025207292246318
  0.42075129006071987  0.43123252728190037  0.44174098284222546  0.45231151327491137
  0.46276663751822411  0.47327522160596197  0.48368268717173735  0.49416018413204293
  0.50464530345189118  0.51504806069970133  0.52547885563213692  0.53589010945613447
  0.54634978587910454  0.55674710373470626  0.56715059985190686  0.57752690994720990
  0.58794569671645525  0.59846740216491090  0.60903537845833766  0.61969866860944745
  0.63034114969035004  0.64091519985072454  0.65143135644401884  0.66192547431840443
  0.67261419914345622  0.68334201389041260  0.69404714847079352  0.70481715918728616
  0.71550008399241705  0.72616634194378582  0.73674130001348526  0.74726951992002799
  0.75775021180821245  0.76819835627754740  0.77869071663537348  0.78925548820611002
  0.79983074200117144  0.81032835199216158  0.82067537873948115  0.83115436502567519
  0.84180254861403037  0.85256594776529948  0.86318727323570088  0.87364646779179367
  0.88422180449692345  0.89471826765119900  0.90526888373292536  0.91580794832006485
  0.92631662287945060  0.93691589115909968  0.94739948480124714  0.95790699169173632
  0.96843090777980467  0.97897065633195679  0.98953254642129340  1.00000000000000000
   4.3467764163331808E-008  -1.0000000000000000     
 F F F F F F F F
  <DiscreteSampler_grid>
  grouped_processes
  1 # 1 for a reference and 2 for a running grid.
  10 # Attribute 'min_bin_probing_points' of the grid.
  1 # Attribute 'grid_mode' of the grid. 1=='default',2=='initialization'
  0.0000000000000000 # Attribute 'small_contrib_threshold' of the grid.
  0.5000000000000000 # Attribute 'damping_power' of the grid.
 # binID   n_entries weight   weight_sqr   abs_weight
    10   10   4.849070436829428E+005   2.803993594223887E+011   4.849070436829428E+005
  </DiscreteSampler_grid>
