 -0.00610686822838778  0.03479367681620676  0.06011469258998960  0.07979413240652669
  0.09669545702878898  0.11203013468416756  0.12620702042565679  0.13954077880036786
  0.15212208288292606  0.16421048544693123  0.17576580905433578  0.18699802996817652
  0.19781573228772875  0.20841434471871922  0.21865925690047613  0.22872323659959892
  0.23850643170864869  0.24814778867706741  0.25757880846514558  0.26688253835345382
  0.27602309039073175  0.28504724812704058  0.29394694345604544  0.30273281251322792
  0.31142161882538322  0.32001328544278546  0.32853475794047721  0.33697536568006980
  0.34532895079534426  0.35362593025878020  0.36184827452017199  0.37002143112664865
  0.37814147739657061  0.38621147094477293  0.39424708975113198  0.40223584332077211
  0.41019110895643573  0.41811566623289353  0.42600473413335643  0.43386791876216724
  0.44170987682074742  0.44952946838872732  0.45733112655457825  0.46511500233280734
  0.47287911759473961  0.48064128189260991  0.48838751597457369  0.49613288314583714
  0.50387263734529020  0.51160526529007655  0.51933741970850500  0.52708191057289910
  0.53484182774915112  0.54262108227124450  0.55040705230974685  0.55820225708158400
  0.56602255251423483  0.57387917348790163  0.58177180988181121  0.58969841714021631
  0.59764810203216379  0.60562641731757838  0.61365594203656726  0.62172720285147998
  0.62984662659772128  0.63802022011121273  0.64623607065837574  0.65453671222784360
  0.66288896818342147  0.67133053073684268  0.67984312051116536  0.68843965484626357
  0.69713516538312115  0.70592313318263877  0.71482318653269039  0.72383740958434672
  0.73296660346693621  0.74225400752398674  0.75166924742145647  0.76130397397452054
  0.77109058147262155  0.78115227972589929  0.79135819669233576  0.80189069546386316
  0.81264245503480892  0.82385658738570999  0.83536817113331285  0.84741732140128412
  0.85995797950412267  0.87324451632532818  0.88736853872230859  0.90272884632562500
  0.91971762961296866  0.93937039832334424  0.96458819818457642  1.00000000000000000
 -0.00251881061937297  0.00979546185362764  0.02023032243463870  0.03086019789081734
  0.04147500286162635  0.05183086993987326  0.06241951557960247  0.07316747001741654
  0.08397388366354883  0.09461556532661734  0.10525797852456070  0.11594018037223504
  0.12665726132598626  0.13735868806163415  0.14810110593317635  0.15884847106842784
  0.16957484522428887  0.18031960149342968  0.19098380325077322  0.20147360858324059
  0.21200253351746440  0.22249480830554064  0.23301557775675077  0.24334524773859051
  0.25365866086831063  0.26403894263920780  0.27448912143840992  0.28490418894059694
  0.29550427199875329  0.30622119901123446  0.31698274492820711  0.32768691045687431
  0.33837029822955927  0.34896134979609683  0.35946496179864362  0.36993941954490894
  0.38047100786581350  0.39091013866813079  0.40136701114351631  0.41184413030891098
  0.42244000650027347  0.43319179720883783  0.44384061571717298  0.45439635878468060
  0.46489682863902393  0.47549106091970955  0.48595905034452719  0.49631940298013882
  0.50662201405194240  0.51701032160797789  0.52739554724239501  0.53780087012098010
  0.54829131673250886  0.55884788512827865  0.56942455953186000  0.58010280899234978
  0.59061563619367630  0.60101712947360919  0.61121756769062452  0.62144029481823493
  0.63187762439698858  0.64241699267601282  0.65313510353437143  0.66390913323887024
  0.67460597407958456  0.68535211922869699  0.69599277438829354  0.70667304002221243
  0.71717451775842123  0.72762144184928546  0.73811807578720712  0.74873096628926228
  0.75916618081337472  0.76966192773250763  0.78007747774355196  0.79045570736071902
  0.80080888525251936  0.81113879864905525  0.82155197583731854  0.83200729450066946
  0.84243268558782880  0.85298038910595453  0.86359423817351655  0.87431419126428678
  0.88503935759798336  0.89565564400839692  0.90617703591214926  0.91667352569025229
  0.92730557621744081  0.93786843299893918  0.94825191904908701  0.95849327943683305
  0.96879949533311216  0.97928822344146371  0.98959795225612668  1.00000000000000000
   3.8178761430959447E-007  -1.0000000000000000     
 F F F F F F F F
  <DiscreteSampler_grid>
  grouped_processes
  1 # 1 for a reference and 2 for a running grid.
  10 # Attribute 'min_bin_probing_points' of the grid.
  1 # Attribute 'grid_mode' of the grid. 1=='default',2=='initialization'
  0.0000000000000000 # Attribute 'small_contrib_threshold' of the grid.
  0.5000000000000000 # Attribute 'damping_power' of the grid.
 # binID   n_entries weight   weight_sqr   abs_weight
    10   10   3.252599073639972E+005   1.156605310227045E+011   3.252599073639972E+005
  </DiscreteSampler_grid>
