 -0.00653466214143568  0.03522315121150384  0.06044966698788000  0.08004041342161342
  0.09695160954456258  0.11229976194963588  0.12646588172223627  0.13978208116509189
  0.15234879672384782  0.16442459649034757  0.17595405814613421  0.18715442664428109
  0.19792811112481212  0.20848797893759821  0.21871966750884497  0.22877863642258695
  0.23856252019874002  0.24820412229803512  0.25763487069943142  0.26693853052118227
  0.27607619716233356  0.28509120853737491  0.29398170916743727  0.30276091683179729
  0.31145697846267745  0.32005076914811498  0.32856575318030756  0.33699983464046090
  0.34535161006671433  0.35365351325970251  0.36187728346945319  0.37004599142012817
  0.37816100980185963  0.38622751157812663  0.39425650382211619  0.40223751736827007
  0.41018634363330059  0.41810639274111094  0.42599477028256760  0.43385631428627469
  0.44168960098944710  0.44949972225043461  0.45729205720133609  0.46506806320271782
  0.47282834410074798  0.48058465996677330  0.48833229955568741  0.49608151080438817
  0.50382923178941796  0.51157602423912141  0.51932695132577344  0.52709068993064978
  0.53485892144206815  0.54264377388337082  0.55044243642790003  0.55825935273600802
  0.56609733317585809  0.57395545181977914  0.58183249414688631  0.58974002497759270
  0.59768228318042083  0.60566328787200063  0.61369820268806741  0.62176513720899440
  0.62987858985388179  0.63804465834328783  0.64626437939415027  0.65456775406288037
  0.66292673494034060  0.67136821691547355  0.67988747368820879  0.68847684159743361
  0.69717360271836604  0.70596032902016459  0.71486701474630421  0.72388893941492105
  0.73302953647712277  0.74233406941671876  0.75177262327421146  0.76142141572689537
  0.77120726905174408  0.78125380961777691  0.79147149804574068  0.80202752028694135
  0.81280224989085004  0.82400910646639736  0.83554098478064398  0.84761825722623918
  0.86018490446318951  0.87348821596956716  0.88765313385393885  0.90300359034639754
  0.91990179080930579  0.93937143712642901  0.96445809740752253  1.00000000000000000
 -0.00229893762321800  0.00978914769876538  0.02005451315889815  0.03052934494717732
  0.04105177030773458  0.05158714607853723  0.06217758837411259  0.07257465022953395
  0.08291117594757937  0.09333346627627907  0.10379734565606168  0.11439417592437073
  0.12502698777390836  0.13576493278367990  0.14660472095536972  0.15736789437301307
  0.16798752862492056  0.17847851122283490  0.18890055751723095  0.19935061265657833
  0.20977349186898911  0.22017147354688849  0.23055659151391883  0.24105149574090998
  0.25151197203713271  0.26201419979478668  0.27250626507408143  0.28295027191924316
  0.29336770516805960  0.30371207198363315  0.31408351157390602  0.32458862980143222
  0.33513762879901027  0.34589679863248690  0.35651762278303117  0.36711552495447147
  0.37765884803815725  0.38817240954243010  0.39870753513971574  0.40922528933218338
  0.41975396401442505  0.43029924379559070  0.44093078352979376  0.45155063464299539
  0.46209954868197822  0.47261694587408210  0.48315201516574102  0.49376720263484625
  0.50439296383025567  0.51503927215374756  0.52558146312355791  0.53609391568904718
  0.54660619278996492  0.55714773838949583  0.56763883959703088  0.57805123506802736
  0.58848814887089529  0.59893599448564205  0.60940250291415954  0.61991761954741398
  0.63045722317033936  0.64105152739728211  0.65165437684975092  0.66222981029906480
  0.67274031752104524  0.68331328649882150  0.69402521753690927  0.70476980365274144
  0.71558370069142363  0.72638066438621129  0.73715739427935867  0.74782499331544450
  0.75839040140025349  0.76891212911329987  0.77935746655105009  0.78984642524451742
  0.80043044936087848  0.81101104911706290  0.82147805714182687  0.83188440465654290
  0.84231800807400692  0.85277881626667185  0.86327783395395108  0.87379778780405337
  0.88432157450663762  0.89489643694741494  0.90537949708333842  0.91586758767970711
  0.92639847807198628  0.93691386446300151  0.94750369458812356  0.95808634296917750
  0.96855765588774501  0.97909292815788018  0.98951557211009411  1.00000000000000000
   2.4195224127237662E-007  -1.0000000000000000     
 F F F F F F F F
  <DiscreteSampler_grid>
  grouped_processes
  1 # 1 for a reference and 2 for a running grid.
  10 # Attribute 'min_bin_probing_points' of the grid.
  1 # Attribute 'grid_mode' of the grid. 1=='default',2=='initialization'
  0.0000000000000000 # Attribute 'small_contrib_threshold' of the grid.
  0.5000000000000000 # Attribute 'damping_power' of the grid.
 # binID   n_entries weight   weight_sqr   abs_weight
    10   10   1.701473194983589E+005   3.520805955822030E+010   1.701473194983589E+005
  </DiscreteSampler_grid>
