 -0.00592176796514031  0.03482145775825311  0.05998880919181546  0.07965589748842766
  0.09663644931468468  0.11201710832897883  0.12619463222378771  0.13951876629370605
  0.15209213288833034  0.16416918977574238  0.17570169555938095  0.18691520327165664
  0.19771180436791133  0.20828538395381241  0.21851657355969611  0.22857341850362212
  0.23836854195213211  0.24802284157847618  0.25746253249580064  0.26677007379381235
  0.27591053427701501  0.28493683115976121  0.29384055546528404  0.30262788803195473
  0.31131727917903984  0.31989442503847693  0.32840015943934625  0.33683291564946755
  0.34518822818625550  0.35349538994046548  0.36172732581251221  0.36990581527360705
  0.37802926128240699  0.38609545532779166  0.39412826259491557  0.40211282403352983
  0.41006563918719563  0.41798911167703207  0.42587863968223844  0.43374347899192967
  0.44158278008995022  0.44940097050913835  0.45720461723736339  0.46499388322997459
  0.47276694902317906  0.48052601689126800  0.48826824836748739  0.49601057374725349
  0.50375371535604063  0.51150810787259715  0.51925827051049112  0.52701507602971520
  0.53477446430674791  0.54254687950041125  0.55033796254426437  0.55814894462762121
  0.56598392091077476  0.57384558604844627  0.58173092944949567  0.58965031830046022
  0.59760490263501187  0.60559048661934534  0.61361948639682029  0.62168074865396317
  0.62979504911101702  0.63796581686957288  0.64618835240969075  0.65448664133873402
  0.66283860885109847  0.67127014626423553  0.67977673560808061  0.68835910167488701
  0.69704543968071797  0.70582844290022029  0.71472653396746333  0.72375166829993476
  0.73289943125672374  0.74220949510598977  0.75165111088055792  0.76129846514567334
  0.77108954481372860  0.78114936639872068  0.79137834307902188  0.80193893755585310
  0.81271822045517550  0.82392371892428096  0.83546428435526554  0.84755667483182096
  0.86012874323212529  0.87341370728525758  0.88753989679378953  0.90286981889844131
  0.91976410344266091  0.93932571308818158  0.96451631448793773  1.00000000000000000
 -0.00251944976345796  0.00961152429448066  0.01993282678384322  0.03068004236189456
  0.04142032099021277  0.05216883025494050  0.06290815744683223  0.07354427615446830
  0.08419235756968942  0.09488851557402388  0.10553986319430723  0.11611441216376663
  0.12663619894552941  0.13711416290767409  0.14766078620310963  0.15806999132487695
  0.16854485218124515  0.17904834341938158  0.18963855868885354  0.20018639944840577
  0.21071792807962139  0.22124781145759417  0.23182367471930504  0.24237107715849013
  0.25290180870001761  0.26348172538687425  0.27397947779600357  0.28451290226377246
  0.29506864324958176  0.30574922493661488  0.31634675667739737  0.32695915227426181
  0.33754118075111561  0.34825490277128246  0.35890109269644987  0.36949463141272815
  0.38003748912288882  0.39064417379249672  0.40122700049689286  0.41176083645089989
  0.42222392885294807  0.43270113923533421  0.44314901756483233  0.45359637713331641
  0.46407394929634888  0.47464454289313085  0.48520750201305052  0.49581113217037226
  0.50634024088385898  0.51690280239579911  0.52743191210886309  0.53794416067620110
  0.54846718058879718  0.55887990481159500  0.56934332186912995  0.57980675899945411
  0.59031278577489155  0.60076409726992175  0.61123180617977624  0.62168694686030079
  0.63221893870539869  0.64282095907709502  0.65336309354588917  0.66385605066879094
  0.67429528491451252  0.68479348330812173  0.69528249285854049  0.70578179626881921
  0.71637663406181928  0.72692254122439537  0.73734065985272124  0.74778176413143915
  0.75818027338718896  0.76854977678565184  0.77883382586445737  0.78911206717654725
  0.79955661244887166  0.81001759749394753  0.82057852042261514  0.83115017793804580
  0.84176724737461306  0.85237950050311928  0.86288510399044427  0.87342362206337298
  0.88402472813452571  0.89463161632287780  0.90527738889756959  0.91598003014644092
  0.92656856880670357  0.93715167145689948  0.94761291981114926  0.95801941979326444
  0.96845218325476778  0.97889034573387224  0.98946827055126896  1.00000000000000000
   6.0668368368585278E-009  -1.0000000000000000     
 F F F F F F F F
  <DiscreteSampler_grid>
  grouped_processes
  1 # 1 for a reference and 2 for a running grid.
  10 # Attribute 'min_bin_probing_points' of the grid.
  1 # Attribute 'grid_mode' of the grid. 1=='default',2=='initialization'
  0.0000000000000000 # Attribute 'small_contrib_threshold' of the grid.
  0.5000000000000000 # Attribute 'damping_power' of the grid.
 # binID   n_entries weight   weight_sqr   abs_weight
    10   10   5.187578707188819E+004   3.115624992990933E+009   5.187578707188819E+004
  </DiscreteSampler_grid>
