 -0.00640926642811417  0.03498073359216761  0.06014077770479705  0.07976157716507590
  0.09669438379637121  0.11204865117918877  0.12622114019881231  0.13954306532430147
  0.15210136110820088  0.16416578944350510  0.17570011533203281  0.18691873395960992
  0.19772203309362010  0.20830033454234947  0.21854071720619378  0.22860930261130813
  0.23841058135138557  0.24807171663858932  0.25751850129508097  0.26682349114835680
  0.27596504257779747  0.28497987259995217  0.29388771186437818  0.30267665428836121
  0.31137790579520042  0.31997324696960644  0.32849085635731834  0.33691734258384182
  0.34525490863785752  0.35354299499597841  0.36176829401836141  0.36994324933551936
  0.37805601917366832  0.38610370287593970  0.39411747130255081  0.40208714100878246
  0.41002845351169848  0.41793983440792332  0.42581654128749763  0.43367103881878183
  0.44150440924568007  0.44931786632676246  0.45711563730535415  0.46489773848105154
  0.47266154557024320  0.48041974455935932  0.48816502425096131  0.49591144444163526
  0.50365138101948026  0.51139362686707557  0.51913929999249153  0.52689780215571214
  0.53466520314176658  0.54244788199306626  0.55024552111052627  0.55805967777608134
  0.56589543490262229  0.57375427232871512  0.58163358559578282  0.58954524121900442
  0.59748632684340630  0.60545707438672003  0.61347949685215264  0.62153140247717309
  0.62963620153630351  0.63779759815614079  0.64601419524410175  0.65431555864084956
  0.66267014471408048  0.67110294555771843  0.67961777300253334  0.68820418789439919
  0.69689779970216570  0.70567555155428541  0.71457617027221276  0.72359774371114194
  0.73273817695503185  0.74203965160807428  0.75147133434948299  0.76112262508765927
  0.77091269070636514  0.78096794172766637  0.79118657444470386  0.80174334497522082
  0.81252578044614576  0.82373586104890018  0.83526504596548534  0.84733190884033227
  0.85988398597902382  0.87317648154864680  0.88733495968752751  0.90269962822932470
  0.91963723263787756  0.93919463778024770  0.96438688219306801  1.00000000000000000
 -0.00259785720652528  0.00977318951431209  0.02014294529764215  0.03076466034352471
  0.04144021611381611  0.05206750917857629  0.06267110809053368  0.07316446712010366
  0.08368385793102864  0.09415160940472724  0.10467077045659849  0.11523728206243937
  0.12581778499642998  0.13647941599306707  0.14718153159926439  0.15786595719676863
  0.16854480459729915  0.17905363955986806  0.18957162232247909  0.19995283089843199
  0.21042895998296410  0.22099431193206290  0.23159439853543570  0.24213324482724272
  0.25268013824529056  0.26320348211775918  0.27380271079129959  0.28437189223400117
  0.29494518559800348  0.30545109296497519  0.31592226892190550  0.32646728954636406
  0.33702174529371881  0.34753036454199604  0.35800141606480729  0.36844035078230009
  0.37898956900958286  0.38962131749489803  0.40030354296563542  0.41092113610673597
  0.42154415637778464  0.43212582578313918  0.44272820951280117  0.45335707718172419
  0.46397184998460378  0.47457662889719515  0.48517205877778152  0.49575984993400535
  0.50631753861219697  0.51687186206642410  0.52743639600565728  0.53798607480803629
  0.54849384115040434  0.55900319555864186  0.56946656896310821  0.57993011275097917
  0.59052026468574359  0.60105731716957445  0.61153100113004910  0.62188825404099268
  0.63243021804639266  0.64294465954383428  0.65356295890740046  0.66407270542286023
  0.67455532828135090  0.68506362056268044  0.69563589606002763  0.70630928486383793
  0.71689710173633303  0.72739020220679196  0.73793373268337992  0.74847229147008465
  0.75898722772618865  0.76943111542909493  0.77992412986887083  0.79046924109753025
  0.80090439115231493  0.81133178462776612  0.82171310481351123  0.83214032480116173
  0.84251632776145158  0.85291097935926963  0.86340515513003468  0.87399353654432044
  0.88457667774165227  0.89517731053221250  0.90571017291202593  0.91626679719072424
  0.92678907751750905  0.93732192257864977  0.94778021684566405  0.95828716800333547
  0.96864849664971786  0.97913993482682915  0.98954117502564809  1.00000000000000000
   5.8947652320184877E-009  -1.0000000000000000     
 F F F F F F F F
  <DiscreteSampler_grid>
  grouped_processes
  1 # 1 for a reference and 2 for a running grid.
  10 # Attribute 'min_bin_probing_points' of the grid.
  1 # Attribute 'grid_mode' of the grid. 1=='default',2=='initialization'
  0.0000000000000000 # Attribute 'small_contrib_threshold' of the grid.
  0.5000000000000000 # Attribute 'damping_power' of the grid.
 # binID   n_entries weight   weight_sqr   abs_weight
    10   10   6.242355957753246E+004   4.296939522055217E+009   6.242355957753246E+004
  </DiscreteSampler_grid>
