 -0.00646013579429781  0.03526456871689743  0.06043591376829734  0.08005986445782075
  0.09700475522028487  0.11233229016084727  0.12648548560847242  0.13978472557233135
  0.15229887537875281  0.16429576940072904  0.17576519713394331  0.18693735799456662
  0.19771335069381765  0.20828144237341717  0.21852194978387993  0.22859590423228665
  0.23839770153715362  0.24803637089567973  0.25746510966217212  0.26675898083871163
  0.27589522761086110  0.28489269049021848  0.29377692661686577  0.30254792426618954
  0.31123961901867125  0.31982903076707181  0.32834996664908550  0.33680204571023703
  0.34517016268333489  0.35348054677505830  0.36170124579899626  0.36986751037883925
  0.37798103791725296  0.38605087209386524  0.39408533015908659  0.40206690671493045
  0.41001506207610688  0.41793097593998069  0.42581347307424683  0.43367244050383696
  0.44150540920260212  0.44931415400840313  0.45710611362622378  0.46488525932391123
  0.47265587870140696  0.48042764839700169  0.48819073963946252  0.49595313823360981
  0.50369479907580283  0.51144621467991580  0.51918232932509389  0.52693407493691657
  0.53468339415253008  0.54245135848159387  0.55024266468360994  0.55805633848199754
  0.56589236883698446  0.57375239450841919  0.58163485606884968  0.58954628482911342
  0.59748370804903750  0.60545398291263119  0.61347987278243243  0.62154925494501556
  0.62967130811297400  0.63785038093787838  0.64608045632700839  0.65438591488033382
  0.66273838154942710  0.67115783097639814  0.67965814441450390  0.68823640723812018
  0.69692676828245470  0.70570662866050393  0.71459895552286001  0.72361760887064641
  0.73275829909464940  0.74205867225977540  0.75147449889320661  0.76110687561842139
  0.77089047036702951  0.78095448680937707  0.79118213534250781  0.80174604928778781
  0.81253505516239721  0.82373578877899623  0.83524251164233165  0.84727890535073458
  0.85981620697199201  0.87309366701644997  0.88720651111664972  0.90249696129262136
  0.91936299309560621  0.93882511984289485  0.96392697267349203  1.00000000000000000
 -0.00254624055775463  0.00962819190744610  0.01978783734934549  0.03039918533480286
  0.04098924108888422  0.05156481310131579  0.06218602872609565  0.07274009788299343
  0.08336618749101912  0.09384272355106088  0.10436967675901893  0.11469876498971153
  0.12499531437434643  0.13533134598335297  0.14561183165988559  0.15592568441594334
  0.16616592422282050  0.17693656125789900  0.18765443745632335  0.19839119820620765
  0.20905774837997462  0.21977989283273255  0.23050370842602758  0.24123535444191233
  0.25194637434515543  0.26258342438986942  0.27326406788693303  0.28403873642627958
  0.29486152132375154  0.30552431072839104  0.31603233495979027  0.32649308091992013
  0.33698669100703599  0.34749257260942107  0.35798271309874746  0.36827518282906491
  0.37849472969384212  0.38871800868532103  0.39901388644334573  0.40957770276616356
  0.42011641289975210  0.43082030814607797  0.44146929068761487  0.45229639230877916
  0.46297320546404747  0.47358327886000934  0.48412258000394542  0.49465349599920722
  0.50518667160191333  0.51571237788470659  0.52622243611211972  0.53666035184679650
  0.54711169608671872  0.55772762793596886  0.56843149840872786  0.57924263820307420
  0.58989219192599174  0.60044906249401386  0.61083852265770244  0.62121296055348896
  0.63167452184485451  0.64216700067369437  0.65269599868637374  0.66323583491307958
  0.67376169358476590  0.68423991917651006  0.69466077076557486  0.70513090782424070
  0.71570142966936157  0.72619348207066881  0.73670913414404815  0.74723338696212371
  0.75782959266170369  0.76847706141860084  0.77905325522948032  0.78971194293085045
  0.80015619227006696  0.81060178047482090  0.82092049869923500  0.83125062549764483
  0.84162568552118899  0.85221051606372822  0.86280381358583791  0.87332470740313073
  0.88368655490792691  0.89407393894959231  0.90448644385909882  0.91494037217957536
  0.92543206165627689  0.93595973978996438  0.94670789272137645  0.95750006857868109
  0.96820042815034513  0.97871197293709955  0.98944532301312449  1.00000000000000000
   3.6197547821578220E-007  -1.0000000000000000     
 F F F F F F F F
  <DiscreteSampler_grid>
  grouped_processes
  1 # 1 for a reference and 2 for a running grid.
  10 # Attribute 'min_bin_probing_points' of the grid.
  1 # Attribute 'grid_mode' of the grid. 1=='default',2=='initialization'
  0.0000000000000000 # Attribute 'small_contrib_threshold' of the grid.
  0.5000000000000000 # Attribute 'damping_power' of the grid.
 # binID   n_entries weight   weight_sqr   abs_weight
    10   10   2.281351542153350E+005   7.442451508511691E+010   2.281351542153350E+005
  </DiscreteSampler_grid>
