 -0.00641189042558904  0.03518042961890028  0.06037852340538925  0.07997666374145140
  0.09686012234459250  0.11215273444545747  0.12626793758619856  0.13956586481418198
  0.15214038071164321  0.16423019189333210  0.17576356658297110  0.18697915997266312
  0.19778280929796685  0.20836099392914742  0.21857931156736241  0.22862112619210836
  0.23839704564681641  0.24803123766460133  0.25746033160400511  0.26675535154036339
  0.27589765474920941  0.28491570275347672  0.29381942617318024  0.30261195917752687
  0.31130834739153140  0.31990256133766587  0.32841286103469292  0.33684111308018144
  0.34518489507573191  0.35348247580160513  0.36171129167828692  0.36988944922017175
  0.37801391226914283  0.38608039539476713  0.39411630730204056  0.40210089788305847
  0.41005589216167715  0.41797670904672662  0.42585910787815917  0.43371641564382979
  0.44154780661920140  0.44936028365661235  0.45715597297827715  0.46493476418219049
  0.47270072239657412  0.48045876658613912  0.48820487832205778  0.49594871929424417
  0.50367998184780427  0.51142876032845674  0.51917971686238840  0.52694456128203293
  0.53471853673848768  0.54250238693460040  0.55029879577000684  0.55811176339196789
  0.56594973566470319  0.57381295490372086  0.58169347729533849  0.58960089688544914
  0.59753931093537405  0.60551128042509106  0.61353499499399822  0.62160271980097059
  0.62972450324789897  0.63790527689918419  0.64613025334440666  0.65442625703910851
  0.66278174960815694  0.67121516220021282  0.67972873777180276  0.68831757376296399
  0.69701756251713487  0.70581403206591886  0.71472647886852991  0.72376072386232704
  0.73291506358892233  0.74221912081491337  0.75165047711398669  0.76128317138081814
  0.77105908494233144  0.78110886926300749  0.79132372565706843  0.80188982923353314
  0.81266286336942128  0.82387100946992720  0.83539220564141026  0.84746820374280041
  0.86005640544979156  0.87339604832508311  0.88754773579549162  0.90283864959492166
  0.91969146008784286  0.93920789764663704  0.96440786699921988  1.00000000000000000
 -0.00226668095315063  0.00962363936495326  0.01965261649623137  0.03001469711344657
  0.04038862556747588  0.05086047336414373  0.06126793866870478  0.07157342655443083
  0.08198204220831534  0.09250384721440393  0.10312317789298392  0.11360321488200621
  0.12410499996983423  0.13470037714977856  0.14524837519647019  0.15577186647548380
  0.16619388841721294  0.17651914602202173  0.18688992697478374  0.19728717479171054
  0.20780546406383113  0.21825802025841698  0.22876351563088265  0.23916966869210493
  0.24956315382867211  0.26008525722228820  0.27058796472068197  0.28134721802365981
  0.29209997239318441  0.30302649677871824  0.31382247304210242  0.32471094319923804
  0.33553397507223925  0.34628448501703202  0.35695017619387270  0.36752488494101215
  0.37814099672754448  0.38872832338007568  0.39928851767849777  0.40982373571475583
  0.42035945516324547  0.43090900468323678  0.44146992673215135  0.45202245495439930
  0.46266854523361717  0.47319557884237012  0.48383974203985408  0.49457207883377724
  0.50533230539064988  0.51604397186121231  0.52663492753188568  0.53718210747781125
  0.54757031895642727  0.55794630843812631  0.56844365943576236  0.57890775076972689
  0.58932628064402282  0.59965120468028277  0.61015805508388488  0.62072321848039080
  0.63150997098471895  0.64235657571495575  0.65318437452301026  0.66407058125478469
  0.67484996332340996  0.68571029698592545  0.69623251573722766  0.70677721157523477
  0.71725085247749232  0.72779479664056268  0.73820997381025844  0.74860156262089117
  0.75906086422380670  0.76955687919113314  0.77998128075958839  0.79034564597734913
  0.80088552409270608  0.81142264492894511  0.82177165029538135  0.83199425994169340
  0.84236980340551670  0.85267307530557357  0.86306308801003562  0.87337990810310340
  0.88376292597771078  0.89409204292502709  0.90448123653032375  0.91489706620695244
  0.92544013491412125  0.93596965525574594  0.94663752958990821  0.95745463055453506
  0.96831046975287860  0.97905329140998432  0.98948918072883607  1.00000000000000000
   2.0674453917584540E-007  -1.0000000000000000     
 F F F F F F F F
  <DiscreteSampler_grid>
  grouped_processes
  1 # 1 for a reference and 2 for a running grid.
  10 # Attribute 'min_bin_probing_points' of the grid.
  1 # Attribute 'grid_mode' of the grid. 1=='default',2=='initialization'
  0.0000000000000000 # Attribute 'small_contrib_threshold' of the grid.
  0.5000000000000000 # Attribute 'damping_power' of the grid.
 # binID   n_entries weight   weight_sqr   abs_weight
    10   10   5.014294099925236E+005   2.815336358624759E+011   5.014294099925236E+005
  </DiscreteSampler_grid>
