 -0.00633342641264803  0.03545861442803536  0.06068198505286568  0.08024844194393670
  0.09714134711017379  0.11247350942552584  0.12663277664848757  0.13993624157785678
  0.15251502963823932  0.16459321494889245  0.17613052224372877  0.18734580648897808
  0.19814243421935429  0.20871600293516562  0.21894334091465176  0.22899682542622762
  0.23877965389653913  0.24841934833553361  0.25784694635412242  0.26714570734621884
  0.27628515508801338  0.28530467979655461  0.29420121498412893  0.30297837087953150
  0.31166870884033915  0.32025874501176094  0.32877561617517403  0.33721156416460468
  0.34556248437476450  0.35385709001633325  0.36207708659053583  0.37024844750027913
  0.37836761531721091  0.38643210768607733  0.39445761812116215  0.40243157578686051
  0.41037260096725897  0.41828272141310202  0.42616210166293567  0.43401994184870885
  0.44185417851224873  0.44966647059505493  0.45745836936442896  0.46523318597509322
  0.47299616405501610  0.48075304903443178  0.48849570819189941  0.49623222006975798
  0.50396978115076685  0.51171872193128876  0.51947012926316205  0.52722684705202982
  0.53498577056052998  0.54276086690571712  0.55055645152674237  0.55837322130094169
  0.56621159316051395  0.57406754155824491  0.58193684770200160  0.58983209748319743
  0.59775824719500659  0.60572127412031829  0.61373957228670861  0.62179566591426083
  0.62990822090212173  0.63807631849732338  0.64629406891333607  0.65458281878465296
  0.66292573593141391  0.67135538878433965  0.67987396203115924  0.68846693184105690
  0.69716066566227730  0.70594095978945115  0.71483770740141672  0.72385105872774802
  0.73298581971951438  0.74227669537683505  0.75170310729291911  0.76133249967477901
  0.77111035943613015  0.78115883679880505  0.79139627690226955  0.80196970763902664
  0.81277201569754187  0.82397994418005438  0.83551017034310304  0.84756347793929354
  0.86011307060291498  0.87339164652338197  0.88754018059974560  0.90288227954771250
  0.91978302972267556  0.93927268367124572  0.96438357442436728  1.00000000000000000
 -0.00263192945454563  0.00982264423748646  0.02015062506080259  0.03056868494611082
  0.04092955313226471  0.05132940431646607  0.06174450112516996  0.07212647748170296
  0.08244158095519595  0.09291611305141605  0.10338860213005621  0.11385269115334336
  0.12425787568826281  0.13466382252912495  0.14515338108630232  0.15561054042909320
  0.16616578837999993  0.17664439324275069  0.18718770257424802  0.19771660608265082
  0.20824200314140465  0.21886864819230725  0.22954060243350205  0.24026523474540826
  0.25096639669294291  0.26164928572057400  0.27218983637439548  0.28265324252371726
  0.29307726358134673  0.30351837172542007  0.31398482895893715  0.32456296000567492
  0.33516576565157064  0.34582237236075658  0.35638568224340250  0.36698240845013419
  0.37749906438273584  0.38801809109789775  0.39849920541743294  0.40898192818464058
  0.41947391830357106  0.42993611043694868  0.44039250914230554  0.45083077084380535
  0.46131660441148481  0.47178186291094515  0.48217947835307712  0.49259894193567899
  0.50308829009324496  0.51362186700547252  0.52416699113911225  0.53465904154839261
  0.54519935329154001  0.55581751325650852  0.56640183432797064  0.57699632758763419
  0.58751640194789045  0.59806079356212039  0.60860244598215463  0.61911814757335670
  0.62967209375868360  0.64024429199930066  0.65090828561636549  0.66153806326580256
  0.67203266895553693  0.68253431069656811  0.69304457621680216  0.70360099765588935
  0.71426216299010126  0.72496269031824068  0.73564635881359175  0.74621289369535859
  0.75681526157839096  0.76745445013864866  0.77799707734599099  0.78851688728173464
  0.79915029095493573  0.80982047243715449  0.82041033947652386  0.83095904232860729
  0.84142445985063774  0.85203699188891491  0.86258189965106835  0.87316069115323125
  0.88360531998439651  0.89413452140763949  0.90469571495612333  0.91534642763710317
  0.92589933629234900  0.93651696936464235  0.94711709053191406  0.95777085538968354
  0.96841258868045754  0.97896417265715296  0.98948716161835870  1.00000000000000000
   6.9881836663997789E-009  -1.0000000000000000     
 F F F F F F F F
  <DiscreteSampler_grid>
  grouped_processes
  1 # 1 for a reference and 2 for a running grid.
  10 # Attribute 'min_bin_probing_points' of the grid.
  1 # Attribute 'grid_mode' of the grid. 1=='default',2=='initialization'
  0.0000000000000000 # Attribute 'small_contrib_threshold' of the grid.
  0.5000000000000000 # Attribute 'damping_power' of the grid.
 # binID   n_entries weight   weight_sqr   abs_weight
    10   10   7.577588528954401E+004   5.897187594031886E+009   7.577588528954401E+004
  </DiscreteSampler_grid>
