 -0.00650477945972143  0.03530634905211977  0.06048233246587678  0.08008930409412318
  0.09705934343079151  0.11243125160548674  0.12661499228263354  0.13994748979707181
  0.15252236688824619  0.16460088189401562  0.17612430550136635  0.18733601750737683
  0.19811401657924510  0.20867861788957529  0.21889849318601456  0.22896145013051525
  0.23874442179604349  0.24837891083839214  0.25779282466592801  0.26707661471505856
  0.27620593281545047  0.28522307590785667  0.29412998751735142  0.30291582203063444
  0.31160337834608109  0.32018246607797263  0.32869139103120099  0.33713128970417716
  0.34549225909118075  0.35379631071941053  0.36201883454857203  0.37019121367784058
  0.37830866244556338  0.38637601767936791  0.39440268971786402  0.40237641819086312
  0.41031573102889229  0.41822527499606160  0.42610532070262108  0.43396601010341912
  0.44180312158523433  0.44961526861671652  0.45740984380336036  0.46518685510622149
  0.47295407273570816  0.48071889862908657  0.48847299442579184  0.49622636400808845
  0.50397984200098656  0.51173927251652984  0.51949739816560270  0.52726334142891507
  0.53502924979969158  0.54280628612162252  0.55059921837497217  0.55841229622159150
  0.56625009855034958  0.57410855345011558  0.58198710182135605  0.58989984482872360
  0.59784752248243156  0.60582903552514189  0.61384948051318244  0.62189242268993339
  0.62998857182727508  0.63814262974978098  0.64635705992125836  0.65464885666017203
  0.66299258308125719  0.67141862327791935  0.67991850129193843  0.68849868592907160
  0.69718688941123774  0.70597504703914216  0.71488203519011251  0.72390067466910624
  0.73303483071228226  0.74232796102686927  0.75176161237695127  0.76141490896771447
  0.77121654748983270  0.78128628635544273  0.79151961291391704  0.80208273344289960
  0.81286450729498805  0.82408199930132053  0.83562597274545447  0.84769875767125957
  0.86025392330756745  0.87354202220310340  0.88767675201752438  0.90298416212174915
  0.91986329465231165  0.93940710639195546  0.96459338983873799  1.00000000000000000
 -0.00245171346363836  0.00952195544545854  0.01964753704727455  0.03016444425574572
  0.04075155912023347  0.05141752308786997  0.06208466384625603  0.07272544824111818
  0.08315626131267397  0.09355273633045089  0.10407469255572838  0.11479911659713650
  0.12554061516435469  0.13630222300851338  0.14699211158240200  0.15769863255087510
  0.16839190965760228  0.17908069660901355  0.18973098075405703  0.20033545504365358
  0.21092951273839775  0.22150711399078826  0.23202444320217502  0.24263082004911413
  0.25323862850550205  0.26386385676454682  0.27450101756796197  0.28515304472136499
  0.29579478877145238  0.30638533064959855  0.31701315737362534  0.32762807886324719
  0.33822987990886794  0.34877826872793977  0.35937479825129054  0.36990728711225990
  0.38043165341762175  0.39090061512736402  0.40132897327189571  0.41183738891061772
  0.42236259602383625  0.43285923484763555  0.44330150672830565  0.45367940750553659
  0.46413409475038886  0.47463118957115491  0.48521600731064057  0.49581828034589365
  0.50627716715057858  0.51672400860784140  0.52717279722719357  0.53772152743174384
  0.54830505844159427  0.55892393834487453  0.56955412427354302  0.58001475827701210
  0.59046565045256505  0.60098299602259331  0.61158975916686342  0.62217158531081285
  0.63271022528019416  0.64327549582419896  0.65390147626193129  0.66445585669997020
  0.67510210854462971  0.68576859210329499  0.69633642044747046  0.70678667247679372
  0.71716630659398906  0.72758752129848503  0.73808873356444971  0.74856077205175331
  0.75919486291906568  0.76977782478644252  0.78028101766459346  0.79071937559163186
  0.80118840501101007  0.81171074138129218  0.82213610382545455  0.83243338716958781
  0.84279787249823701  0.85319504924898726  0.86361295795093207  0.87407831809165770
  0.88462013520926508  0.89512139403165480  0.90565928245025062  0.91609183516720349
  0.92660114349936518  0.93705722385361034  0.94760810584878874  0.95811893857842723
  0.96858569925398785  0.97901941147839222  0.98953992662676094  1.00000000000000000
   2.4164960881646539E-007  -1.0000000000000000     
 F F F F F F F F
  <DiscreteSampler_grid>
  grouped_processes
  1 # 1 for a reference and 2 for a running grid.
  10 # Attribute 'min_bin_probing_points' of the grid.
  1 # Attribute 'grid_mode' of the grid. 1=='default',2=='initialization'
  0.0000000000000000 # Attribute 'small_contrib_threshold' of the grid.
  0.5000000000000000 # Attribute 'damping_power' of the grid.
 # binID   n_entries weight   weight_sqr   abs_weight
    10   10   1.976946004270040E+005   4.946474682206941E+010   1.976946004270040E+005
  </DiscreteSampler_grid>
