 -0.00623516049827489  0.03519164581945856  0.06033656543754153  0.07992441845896132
  0.09687267141783122  0.11225468808436988  0.12644112836585472  0.13976338975988922
  0.15233322323266013  0.16441326673037673  0.17595654980361838  0.18718082202740841
  0.19797426206636734  0.20854017249669946  0.21876247206230820  0.22881792778738394
  0.23859898501409704  0.24823750228576386  0.25766614862913384  0.26696537035686002
  0.27611132938729627  0.28512898472702697  0.29403001742947366  0.30281336410851734
  0.31150876664123089  0.32009779478284911  0.32860717428246783  0.33703540337339571
  0.34538089694546548  0.35367845739345527  0.36190409136067464  0.37007580623965297
  0.37819274679056969  0.38625310209910818  0.39427713544627346  0.40225423387813042
  0.41019630711475358  0.41810855724554941  0.42599238797925998  0.43385598837699868
  0.44169484299287848  0.44950581236771942  0.45729743516791499  0.46507622756543471
  0.47284478191005613  0.48060607195666105  0.48835543371095819  0.49610079090155118
  0.50384417967488038  0.51158935126645966  0.51934039229322670  0.52710224538853268
  0.53487117750092572  0.54265496290950532  0.55045470235748839  0.55826886571372158
  0.56609964838313009  0.57395016926618092  0.58182507364575919  0.58973695133123749
  0.59768204608859854  0.60566052892975653  0.61369223969266251  0.62176429554706159
  0.62989302301962546  0.63806901825904849  0.64628495068979930  0.65457316408293398
  0.66291560191598109  0.67135105944578743  0.67987090011610596  0.68846978345540633
  0.69716984113909630  0.70595658373444459  0.71485675739961207  0.72388033665486440
  0.73303338188028355  0.74234796132293268  0.75177479274389714  0.76139709239063458
  0.77116230124890972  0.78120744796691033  0.79143169865371732  0.80199243699096190
  0.81277988497180709  0.82399488992591119  0.83552571960003630  0.84760355507839025
  0.86016829072349754  0.87346374723416320  0.88759945291862019  0.90290360385525614
  0.91977586883840934  0.93927951801058840  0.96442872325376572  1.00000000000000000
 -0.00249341740433212  0.00951518356094063  0.01973495890423853  0.03019447004305850
  0.04068867881053356  0.05113556224965458  0.06155818182755921  0.07200656285855846
  0.08245479555923507  0.09302388775323586  0.10361466831805005  0.11412954151600647
  0.12455604058764673  0.13484315460975657  0.14512234739673865  0.15546250532463182
  0.16589093936468297  0.17645789944805107  0.18699134482209581  0.19758989033348814
  0.20820499790934491  0.21880285293504997  0.22946022267336785  0.24009904140661237
  0.25085230010160758  0.26143775091904264  0.27206774330235994  0.28258371788617925
  0.29314971126852107  0.30365808643591841  0.31411331035193690  0.32454507288724266
  0.33495019390728886  0.34529085164551698  0.35560970416997323  0.36601876563008584
  0.37654816020926429  0.38713851449182646  0.39774354022279512  0.40821529327153711
  0.41864997119271391  0.42900478868379754  0.43950074732184069  0.45002692108694242
  0.46064250320316191  0.47136422307168990  0.48218135187898942  0.49294639489296221
  0.50371731144669307  0.51444579748301389  0.52509602872232874  0.53567011081238158
  0.54621931208644781  0.55679689443283442  0.56738534608877178  0.57799963558937240
  0.58875125658220073  0.59961794351623787  0.61043460405168548  0.62121178965838608
  0.63192459619679375  0.64268362324525585  0.65335595122585699  0.66401170144592436
  0.67460876240880518  0.68531714442856040  0.69602440097282203  0.70669354962607378
  0.71720496778992104  0.72771588834010004  0.73818362180564967  0.74861661041048577
  0.75899670100399752  0.76943245710450248  0.77986451777907861  0.79028902531274892
  0.80069449464428788  0.81109141692069586  0.82143717858727550  0.83182150931291432
  0.84229617668947498  0.85276512583401898  0.86327397886882151  0.87372017152457748
  0.88423087031523195  0.89471151423359174  0.90525872216888792  0.91578790729181603
  0.92630900641167691  0.93678805257258135  0.94725660856017990  0.95777831348527087
  0.96826624282758700  0.97885714657620015  0.98939671215774794  1.00000000000000000
   9.2131479820596027E-008  -1.0000000000000000     
 F F F F F F F F
  <DiscreteSampler_grid>
  grouped_processes
  1 # 1 for a reference and 2 for a running grid.
  10 # Attribute 'min_bin_probing_points' of the grid.
  1 # Attribute 'grid_mode' of the grid. 1=='default',2=='initialization'
  0.0000000000000000 # Attribute 'small_contrib_threshold' of the grid.
  0.5000000000000000 # Attribute 'damping_power' of the grid.
 # binID   n_entries weight   weight_sqr   abs_weight
    10   10   3.075974815657416E+005   1.180398256278994E+011   3.075974815657416E+005
  </DiscreteSampler_grid>
