 -0.00656350681683146  0.03500441814946920  0.06026403803016549  0.07992061493221947
  0.09684924894923107  0.11218355207568334  0.12634385088107367  0.13966516621597899
  0.15223644064122455  0.16431734424653094  0.17586168079557116  0.18708634977060601
  0.19787843172825773  0.20844030359689067  0.21866167188847094  0.22870864779109207
  0.23848597162200702  0.24812203498236010  0.25754881977350352  0.26685392156695920
  0.27600282843712609  0.28503353340963061  0.29394665242442858  0.30274219875441288
  0.31144950988318892  0.32004872857843003  0.32856749242165950  0.33700349047022027
  0.34535451743485218  0.35365158843194983  0.36187353314067333  0.37004591674780851
  0.37816518685859318  0.38623143808623756  0.39425905915764481  0.40223579405238652
  0.41017467767752508  0.41807809466480550  0.42594756318814342  0.43379456623824292
  0.44161922846101354  0.44942257453621182  0.45720783169422335  0.46497978955592378
  0.47273884582771042  0.48049447241221516  0.48824142684081207  0.49598953043247712
  0.50373264296319331  0.51147976069344647  0.51922902652141179  0.52699072836022265
  0.53476219748579312  0.54254290979399444  0.55033762992928303  0.55814568170838141
  0.56597459656437910  0.57383037056142416  0.58171249615643261  0.58963090688155995
  0.59758160119971193  0.60556294279358225  0.61359536125509040  0.62166355515169869
  0.62978185325689107  0.63794649341991638  0.64615926497193055  0.65444882119018699
  0.66279748859123233  0.67123025910989176  0.67974313149234666  0.68833623040407232
  0.69702972789181716  0.70581065136618393  0.71470332368725509  0.72371558218054033
  0.73285040300966042  0.74214000611038944  0.75155703093545156  0.76118933685811008
  0.77097618395936152  0.78104203074262402  0.79127294028685291  0.80183357587112980
  0.81261410317032445  0.82382755751059666  0.83535721338303415  0.84742830500750921
  0.85998716638857609  0.87328026189827779  0.88742245280371623  0.90274007241333754
  0.91964349123353062  0.93920866957689064  0.96439787323460657  1.00000000000000000
 -0.00253191141479326  0.00972481814299865  0.01993742440763381  0.03062776520631963
  0.04130754666736833  0.05185581251283317  0.06240705627757693  0.07311555218791732
  0.08382522567064202  0.09429420231516489  0.10471046702606805  0.11515406544309001
  0.12554832452332443  0.13595398577496912  0.14630359198111323  0.15679030651679185
  0.16722516819683098  0.17770542555397897  0.18815297798061031  0.19859811158224838
  0.20905113970227343  0.21949425766803307  0.22998889794714514  0.24040956111916256
  0.25083832929482980  0.26122412611963902  0.27160710741230459  0.28198126298576509
  0.29236113299408323  0.30278628137264940  0.31325905369236068  0.32367590181274924
  0.33421049311755391  0.34470931542483102  0.35518698152561057  0.36564899480326790
  0.37617039411805153  0.38674079137726608  0.39736177797892785  0.40804662092516747
  0.41868740347464345  0.42915131093009068  0.43968143921888919  0.45017582078116641
  0.46082307816556795  0.47131499489490386  0.48181821185551732  0.49231033149776388
  0.50288758956017721  0.51347239385165866  0.52395075083444520  0.53441487833136248
  0.54493065769880911  0.55556007024790499  0.56618644267903151  0.57680959381977348
  0.58740950686544635  0.59793801387667622  0.60852015264276238  0.61903725053150249
  0.62957017580973784  0.64010017252527818  0.65059307198705485  0.66108214029214984
  0.67162596740294567  0.68223842332072360  0.69288803404803179  0.70344953129747567
  0.71401323949713391  0.72458133066951591  0.73515550642364635  0.74570223462690954
  0.75621424748547483  0.76680574948849278  0.77750428593361665  0.78826670573047419
  0.79889485485629719  0.80948313589494703  0.82002024307584631  0.83048853599116490
  0.84106513541791594  0.85162806165439930  0.86241213781524662  0.87320721182864347
  0.88393835449970515  0.89472976124210479  0.90520729256334787  0.91575174788997615
  0.92624365026267541  0.93668797469419773  0.94714502634328623  0.95753608473627772
  0.96820318058067256  0.97883814179705964  0.98942903031209228  1.00000000000000000
   4.0997370361224587E-009  -1.0000000000000000     
 F F F F F F F F
  <DiscreteSampler_grid>
  grouped_processes
  1 # 1 for a reference and 2 for a running grid.
  10 # Attribute 'min_bin_probing_points' of the grid.
  1 # Attribute 'grid_mode' of the grid. 1=='default',2=='initialization'
  0.0000000000000000 # Attribute 'small_contrib_threshold' of the grid.
  0.5000000000000000 # Attribute 'damping_power' of the grid.
 # binID   n_entries weight   weight_sqr   abs_weight
    10   10   4.069339808777021E+004   1.946028518201354E+009   4.069339808777021E+004
  </DiscreteSampler_grid>
