 -0.00633342641264803  0.03545861442803536  0.06068198505286568  0.08024844194393670
  0.09714134711017379  0.11247350942552584  0.12663277664848757  0.13993624157785678
  0.15251502963823935  0.16459321494889245  0.17613052224372874  0.18734580648897806
  0.19814243421935426  0.20871600293516560  0.21894334091465176  0.22899682542622762
  0.23877965389653907  0.24841934833553359  0.25784694635412242  0.26714570734621879
  0.27628515508801338  0.28530467979655461  0.29420121498412893  0.30297837087953144
  0.31166870884033915  0.32025874501176088  0.32877561617517398  0.33721156416460463
  0.34556248437476450  0.35385709001633325  0.36207708659053583  0.37024844750027908
  0.37836761531721086  0.38643210768607733  0.39445761812116215  0.40243157578686051
  0.41037260096725897  0.41828272141310202  0.42616210166293561  0.43401994184870873
  0.44185417851224867  0.44966647059505488  0.45745836936442891  0.46523318597509317
  0.47299616405501604  0.48075304903443172  0.48849570819189930  0.49623222006975792
  0.50396978115076674  0.51171872193128864  0.51947012926316194  0.52722684705202971
  0.53498577056052998  0.54276086690571701  0.55055645152674237  0.55837322130094158
  0.56621159316051373  0.57406754155824491  0.58193684770200149  0.58983209748319720
  0.59775824719500648  0.60572127412031818  0.61373957228670850  0.62179566591426083
  0.62990822090212162  0.63807631849732327  0.64629406891333607  0.65458281878465285
  0.66292573593141380  0.67135538878433954  0.67987396203115924  0.68846693184105678
  0.69716066566227719  0.70594095978945104  0.71483770740141672  0.72385105872774791
  0.73298581971951426  0.74227669537683494  0.75170310729291900  0.76133249967477890
  0.77111035943613004  0.78115883679880493  0.79139627690226944  0.80196970763902653
  0.81277201569754187  0.82397994418005416  0.83551017034310293  0.84756347793929321
  0.86011307060291475  0.87339164652338186  0.88754018059974538  0.90288227954771227
  0.91978302972267545  0.93927268367124539  0.96438357442436673  1.00000000000000000
 -0.00263192945454563  0.00982264423748647  0.02015062506080260  0.03056868494611083
  0.04092955313226471  0.05132940431646607  0.06174450112516995  0.07212647748170295
  0.08244158095519592  0.09291611305141603  0.10338860213005620  0.11385269115334332
  0.12425787568826278  0.13466382252912493  0.14515338108630230  0.15561054042909314
  0.16616578837999990  0.17664439324275061  0.18718770257424797  0.19771660608265076
  0.20824200314140459  0.21886864819230717  0.22954060243350194  0.24026523474540820
  0.25096639669294285  0.26164928572057394  0.27218983637439542  0.28265324252371715
  0.29307726358134667  0.30351837172541996  0.31398482895893709  0.32456296000567481
  0.33516576565157052  0.34582237236075652  0.35638568224340245  0.36698240845013402
  0.37749906438273573  0.38801809109789759  0.39849920541743283  0.40898192818464046
  0.41947391830357089  0.42993611043694857  0.44039250914230543  0.45083077084380524
  0.46131660441148464  0.47178186291094504  0.48217947835307701  0.49259894193567882
  0.50308829009324485  0.51362186700547241  0.52416699113911203  0.53465904154839250
  0.54519935329153990  0.55581751325650841  0.56640183432797042  0.57699632758763397
  0.58751640194789034  0.59806079356212016  0.60860244598215441  0.61911814757335659
  0.62967209375868327  0.64024429199930055  0.65090828561636538  0.66153806326580233
  0.67203266895553671  0.68253431069656789  0.69304457621680193  0.70360099765588924
  0.71426216299010103  0.72496269031824034  0.73564635881359164  0.74621289369535837
  0.75681526157839074  0.76745445013864844  0.77799707734599077  0.78851688728173441
  0.79915029095493550  0.80982047243715438  0.82041033947652353  0.83095904232860707
  0.84142445985063741  0.85203699188891457  0.86258189965106813  0.87316069115323092
  0.88360531998439629  0.89413452140763916  0.90469571495612300  0.91534642763710294
  0.92589933629234866  0.93651696936464213  0.94711709053191384  0.95777085538968321
  0.96841258868045721  0.97896417265715285  0.98948716161835848  1.00000000000000000
   2.4169462414151335E-007  -1.0000000000000000     
 F F F F F F F F
  <DiscreteSampler_grid>
  grouped_processes
  1 # 1 for a reference and 2 for a running grid.
  10 # Attribute 'min_bin_probing_points' of the grid.
  1 # Attribute 'grid_mode' of the grid. 1=='default',2=='initialization'
  0.0000000000000000 # Attribute 'small_contrib_threshold' of the grid.
  0.5000000000000000 # Attribute 'damping_power' of the grid.
 # binID   n_entries weight   weight_sqr   abs_weight
    10   10   2.741312950027601E+005   7.717917657695691E+010   2.741312950027601E+005
  </DiscreteSampler_grid>
