 -0.00600565445020692  0.03500889952446682  0.06025053158777519  0.07989346528611121
  0.09684975467567877  0.11221788720309031  0.12638400054199544  0.13967695858092430
  0.15223434735248148  0.16430928675564083  0.17585454273132900  0.18708386601925253
  0.19788352361368483  0.20845722413044063  0.21868807396536089  0.22873227467975446
  0.23850439323738765  0.24813274808348740  0.25756268583013481  0.26686221034612606
  0.27600681941184729  0.28503138398429445  0.29394100410500612  0.30272248671087015
  0.31141108788021699  0.31998860037461263  0.32849023349565870  0.33691744701196724
  0.34526468363789442  0.35356719530325142  0.36179352065438058  0.36996871302207079
  0.37809157246439323  0.38615988962945436  0.39419510624236048  0.40217607921151588
  0.41011938903324091  0.41802730042077418  0.42589891609151864  0.43374762414937346
  0.44157296011077912  0.44937859569821009  0.45717275003279711  0.46495495423360661
  0.47272569050564789  0.48049103260378906  0.48824711854857039  0.49599810970323355
  0.50374942755348195  0.51149646860147369  0.51924568212847411  0.52700217203349176
  0.53476356351962451  0.54253969310154981  0.55033152923877904  0.55813879362651009
  0.56596671760357176  0.57381606939525498  0.58168435999338530  0.58958336147755686
  0.59751654318453506  0.60548853336621178  0.61351382453628123  0.62157242042115424
  0.62968316739229002  0.63785211733764580  0.64607548446906360  0.65437114394380669
  0.66271538072366876  0.67113597410977588  0.67963386794194858  0.68821230353963314
  0.69690126527586604  0.70568547803820347  0.71458901877221104  0.72360737700293631
  0.73274752060044512  0.74204745681587114  0.75147871042639980  0.76112123965884526
  0.77089347560663546  0.78093615198915556  0.79114214181112263  0.80169462028522398
  0.81246113673608622  0.82366352089887207  0.83518664143226329  0.84726669152479184
  0.85982628144157536  0.87312745398461244  0.88727459666143593  0.90261161731600015
  0.91950369562243117  0.93898571434669997  0.96412057512852622  1.00000000000000000
 -0.00239382600985655  0.00962008899704283  0.01968190977344017  0.03027400612263303
  0.04081712188366094  0.05140220909635272  0.06194649621937256  0.07253905315088434
  0.08311536476567630  0.09353383174163084  0.10397329705875169  0.11441269711789247
  0.12485081714149544  0.13543255172867116  0.14596205858540579  0.15662561857742208
  0.16731858054242502  0.17802154018396277  0.18866211579268999  0.19921827936704295
  0.20973084802299954  0.22034731909890032  0.23095357931443455  0.24165854226818470
  0.25228205057422887  0.26282951728978632  0.27341057607298502  0.28394376520912734
  0.29456137240481645  0.30524596665268633  0.31594429577537059  0.32662636240627024
  0.33725910647717627  0.34799113201433163  0.35870491035917762  0.36941775757295414
  0.38009000556498407  0.39073713244518010  0.40132413187729998  0.41184808114286214
  0.42229343742847175  0.43278197840032445  0.44334389683614739  0.45400131595748366
  0.46461469503323832  0.47526168313689754  0.48581855259753154  0.49632728652586627
  0.50682495523452520  0.51733063771823296  0.52787935992292800  0.53838876240440192
  0.54894127907779966  0.55948428820362794  0.56999001385021253  0.58051824336032221
  0.59101978180074921  0.60150508091502919  0.61191960983122806  0.62229667500485242
  0.63270482593410615  0.64311020069254832  0.65363634015962679  0.66416664478617893
  0.67474279460815734  0.68523677498205582  0.69574879557790836  0.70630303057487065
  0.71686144765631032  0.72749003322247940  0.73807477882866790  0.74878777337225078
  0.75929981986630168  0.76985324700488444  0.78036544194179513  0.79090944561356769
  0.80145137863256055  0.81186924945330563  0.82248940177724583  0.83302316154738532
  0.84361678975963195  0.85422987739245393  0.86478634948200972  0.87525442750615545
  0.88555697209971407  0.89589026842487840  0.90620463479271207  0.91656663477680289
  0.92694034726171493  0.93734314550990494  0.94767987693632449  0.95813846934241464
  0.96857954165821813  0.97911717176015667  0.98954789718358072  1.00000000000000000
   5.7657439273611234E-009  -1.0000000000000000     
 F F F F F F F F
  <DiscreteSampler_grid>
  grouped_processes
  1 # 1 for a reference and 2 for a running grid.
  10 # Attribute 'min_bin_probing_points' of the grid.
  1 # Attribute 'grid_mode' of the grid. 1=='default',2=='initialization'
  0.0000000000000000 # Attribute 'small_contrib_threshold' of the grid.
  0.5000000000000000 # Attribute 'damping_power' of the grid.
 # binID   n_entries weight   weight_sqr   abs_weight
    10   10   5.457786068292397E+004   3.191297329984042E+009   5.457786068292397E+004
  </DiscreteSampler_grid>
