 -0.00649718591879188  0.03543710652765737  0.06059072919019099  0.08011867662524198
  0.09701919598241357  0.11236636588146988  0.12652989439753076  0.13982911551659302
  0.15239077944979085  0.16447277533063259  0.17601386978938108  0.18722665202410610
  0.19799926477176777  0.20854520392025538  0.21876116719216146  0.22880640429817933
  0.23858548908529514  0.24821822271985933  0.25765341150188215  0.26696101987333498
  0.27611066141448953  0.28513229430935366  0.29403241846049377  0.30281731836752696
  0.31151279050995334  0.32009378617893391  0.32858454860048270  0.33700227218863793
  0.34534112963229219  0.35364136438727850  0.36186547161265903  0.37004182691462045
  0.37816596940391684  0.38623584176120584  0.39426361948099325  0.40222731023591346
  0.41014949807812318  0.41804062502677264  0.42590530871502336  0.43375381495608623
  0.44158200183345925  0.44939053453446115  0.45718293023251755  0.46496307184023550
  0.47273161264911240  0.48049377263698517  0.48824620727120199  0.49599558790456172
  0.50374148743539993  0.51149147207769508  0.51924003783242978  0.52700255550137443
  0.53476620191166502  0.54254336581197238  0.55033146642024555  0.55813293851167622
  0.56595303101623384  0.57379905056153191  0.58167358518376733  0.58958624514313795
  0.59753060687001258  0.60550621804754756  0.61353559741925034  0.62160164658561701
  0.62972463801635836  0.63790242698362143  0.64613010670550097  0.65443546852228951
  0.66279252259305299  0.67123137276950229  0.67974864426593151  0.68834356175615363
  0.69704277168965922  0.70582837532581355  0.71472643600896535  0.72374372871435400
  0.73288787769280539  0.74219414235954151  0.75162665446443711  0.76126787347372327
  0.77105306902270387  0.78111226342154350  0.79133941333349500  0.80189757694602348
  0.81267447920623426  0.82387379063570088  0.83539451413142773  0.84744847731728956
  0.85999567901738938  0.87329473448156092  0.88744672985467299  0.90279710032114746
  0.91972302542188356  0.93930357779838181  0.96450233146990927  1.00000000000000000
 -0.00243269180385067  0.00952364524936359  0.01960102925982789  0.03014217018769035
  0.04066498640700584  0.05114283346888432  0.06160799401425388  0.07202036383005672
  0.08247344873842678  0.09280809017905514  0.10324224533814251  0.11373904589915872
  0.12430505320843296  0.13481185473907681  0.14524790945293978  0.15583572466606063
  0.16645831009386894  0.17706827224289026  0.18761777583140032  0.19820714947754661
  0.20881051236776110  0.21935456119543106  0.22992691624799258  0.24040347213934693
  0.25095378650262895  0.26151184096906566  0.27206749416586701  0.28248438461576497
  0.29286358150379865  0.30335839510676454  0.31390767667778302  0.32447794628442317
  0.33486727218408546  0.34534614957362758  0.35579687719765019  0.36644023315469942
  0.37701004638067909  0.38748052687510393  0.39799397028934530  0.40860358963351090
  0.41920935912198565  0.42974107598568734  0.44019205963177621  0.45079614423067993
  0.46135508748083021  0.47190151761837140  0.48241643967159420  0.49296495472695639
  0.50352043965335436  0.51401760687852971  0.52457277494029741  0.53511824062753544
  0.54566027417937968  0.55615695217136951  0.56675057698605047  0.57731254401813570
  0.58781171372333352  0.59820778034395139  0.60869033183876331  0.61925654517278383
  0.62980926888602340  0.64046220261036546  0.65106893484650830  0.66168055493011946
  0.67228411015032208  0.68286423753326830  0.69344749694160923  0.70395383035012393
  0.71460985450041159  0.72527907140867853  0.73582261318838571  0.74626667953691928
  0.75671378974105308  0.76722735920446405  0.77777105018874704  0.78831782710692466
  0.79895834030286772  0.80956758489369707  0.82023789838631478  0.83082710356519640
  0.84152995223453009  0.85224206676024117  0.86288199265765142  0.87341182742894752
  0.88395226669162186  0.89452601505398854  0.90520041166251697  0.91584952875911196
  0.92647584110812742  0.93701659510417601  0.94747365469330980  0.95792843570531450
  0.96834432199522880  0.97881994165194119  0.98937518518302126  1.00000000000000000
   7.4940789437877545E-008  -1.0000000000000000     
 F F F F F F F F
  <DiscreteSampler_grid>
  grouped_processes
  1 # 1 for a reference and 2 for a running grid.
  10 # Attribute 'min_bin_probing_points' of the grid.
  1 # Attribute 'grid_mode' of the grid. 1=='default',2=='initialization'
  0.0000000000000000 # Attribute 'small_contrib_threshold' of the grid.
  0.5000000000000000 # Attribute 'damping_power' of the grid.
 # binID   n_entries weight   weight_sqr   abs_weight
    10   10   2.759446167883103E+005   8.825799602228905E+010   2.759446167883103E+005
  </DiscreteSampler_grid>
