 -0.00648956993710112  0.03531808590839188  0.06057151660429523  0.08017618593738135
  0.09711141545630862  0.11246460016305854  0.12661965647693538  0.13991953453652817
  0.15246117008251014  0.16452143817227155  0.17603915674847856  0.18724862094314154
  0.19802813123407781  0.20859032185857002  0.21880532249818499  0.22885615909241905
  0.23863942921554690  0.24828660551281789  0.25772368124852135  0.26703081336716106
  0.27617435190422779  0.28519016309545553  0.29408775199351589  0.30287176711322650
  0.31156950399556016  0.32016016920232399  0.32867173725577076  0.33710034401826960
  0.34544191292066639  0.35372981935163583  0.36194318667375092  0.37011330675951420
  0.37823464070293811  0.38630660349656515  0.39434094589555990  0.40232167564537080
  0.41026802983720129  0.41818233641589975  0.42606268807565423  0.43391922577209524
  0.44175014280441371  0.44955889996821052  0.45735175039907416  0.46512830219292939
  0.47288976521395593  0.48064246286313178  0.48838458685312947  0.49612031071049162
  0.50386370211864961  0.51160787213016634  0.51935571040882955  0.52710978396304375
  0.53486961210507444  0.54264475199968554  0.55043569831718975  0.55824314127498165
  0.56607216554337458  0.57392667609211689  0.58180715638280733  0.58972302031748636
  0.59767165899506092  0.60565434696166054  0.61368750519649351  0.62175701190207344
  0.62987803511410356  0.63804767448020594  0.64626585911205037  0.65455817880454392
  0.66290674485523626  0.67133714358090613  0.67984611587767263  0.68843615572434436
  0.69712981874280244  0.70591102483978574  0.71480598831714015  0.72381485716952065
  0.73295244449935004  0.74225096410446512  0.75168216789286646  0.76132440827008119
  0.77110412755799507  0.78116187149611138  0.79137986050884912  0.80194728631953327
  0.81272981474645811  0.82395506070645164  0.83550000546593195  0.84759504680602127
  0.86016669783369115  0.87347239221921935  0.88762013419702879  0.90296250983377413
  0.91984758485586071  0.93934340360769186  0.96444939827358622  1.00000000000000000
 -0.00229966802571304  0.00974976141100821  0.02006834929860829  0.03065241689125902
  0.04129009929494281  0.05186650795811517  0.06241983057357092  0.07299922712608015
  0.08362770606024435  0.09432768712965678  0.10506442385240385  0.11570988345546883
  0.12636608131539273  0.13693817795045096  0.14747182029144035  0.15795745832796604
  0.16849075179778406  0.17913783532115846  0.18973014569929567  0.20024431073920407
  0.21064663901967010  0.22109553184997208  0.23165398361264530  0.24230311881136790
  0.25296439644764290  0.26358714668001709  0.27412248490518909  0.28465942873284500
  0.29513300644861623  0.30558474755309556  0.31599962774362816  0.32638701338838383
  0.33684868225227244  0.34728787054427673  0.35776653732172659  0.36818448033213552
  0.37863694721996305  0.38909774841121419  0.39955653296513066  0.40999538595601948
  0.42044931728392371  0.43098482428286866  0.44158733558883212  0.45219949495619177
  0.46272273791240592  0.47331626058514609  0.48386360035969650  0.49446229744385073
  0.50497433444035156  0.51555652848475408  0.52609134723185502  0.53658257198268433
  0.54703030171331268  0.55754218900052388  0.56816108199819637  0.57879715446103097
  0.58936912225928639  0.59996267561647754  0.61051669444956902  0.62104842488522360
  0.63155770341037543  0.64202842176330110  0.65253734940922481  0.66310586591976484
  0.67376031634924793  0.68440958646170025  0.69488204424671352  0.70534077253508176
  0.71581161376924973  0.72634660238346216  0.73690914897504922  0.74746831033617933
  0.75805744229071892  0.76866376583710649  0.77928369453635715  0.78995888411911386
  0.80047603238692810  0.81096293820493892  0.82141685686405974  0.83184989618648975
  0.84224274059326265  0.85264853568619192  0.86313673304456384  0.87363869073984612
  0.88411656825887330  0.89461482431297001  0.90528419833603391  0.91585386692680848
  0.92647479897071228  0.93701289822337563  0.94752220328557091  0.95800982933592793
  0.96857228138298790  0.97907306358885138  0.98956605902573158  1.00000000000000000
   7.4949875582667005E-008  -1.0000000000000000     
 F F F F F F F F
  <DiscreteSampler_grid>
  grouped_processes
  1 # 1 for a reference and 2 for a running grid.
  10 # Attribute 'min_bin_probing_points' of the grid.
  1 # Attribute 'grid_mode' of the grid. 1=='default',2=='initialization'
  0.0000000000000000 # Attribute 'small_contrib_threshold' of the grid.
  0.5000000000000000 # Attribute 'damping_power' of the grid.
 # binID   n_entries weight   weight_sqr   abs_weight
    10   10   2.952142231604749E+005   1.036930433918461E+011   2.952142231604749E+005
  </DiscreteSampler_grid>
