 -0.00644772999583883  0.03524714379796156  0.06045598760409179  0.08002447889210147
  0.09693888031206266  0.11227444897438055  0.12642189413765892  0.13973982751161318
  0.15231076274175037  0.16440083897228686  0.17592258681551362  0.18712607519976743
  0.19790592447536809  0.20847897574786403  0.21871370731693821  0.22878421629682749
  0.23857414100086766  0.24821991798407267  0.25764931185263912  0.26695755692218476
  0.27610714041230905  0.28513856178748881  0.29404716663339509  0.30283129162481226
  0.31152785684090778  0.32012248395432569  0.32864632847567077  0.33708197540948426
  0.34542807261044278  0.35372248797154549  0.36194288218576215  0.37011469009629439
  0.37822915614492436  0.38629407541930688  0.39432629450725476  0.40230997538645979
  0.41026177581829665  0.41818190766863006  0.42606849888083637  0.43393143091490527
  0.44176963120659574  0.44958781939372361  0.45738768015897596  0.46516898229535886
  0.47293248687408873  0.48068063212301126  0.48841757633732408  0.49614747800328041
  0.50387532316822115  0.51161020011775449  0.51935683290353007  0.52712040638094670
  0.53489188707308377  0.54267231737535160  0.55046575085312432  0.55827730927084085
  0.56611301484391718  0.57397135447669578  0.58184318322226192  0.58974394852461576
  0.59767719871802283  0.60564761500349928  0.61367650100076443  0.62172968245851468
  0.62983533837288619  0.63799092163620463  0.64619900965648325  0.65448776853774460
  0.66283048122420907  0.67126100135325950  0.67977667283513377  0.68837113679162287
  0.69706832364753302  0.70584858140697038  0.71474172249161050  0.72375908578313430
  0.73290040912960230  0.74220556550651173  0.75163993289851994  0.76128868930537907
  0.77106710443619608  0.78110648195532140  0.79131591560431580  0.80187942658904987
  0.81266116039974923  0.82385790102461010  0.83536447158393268  0.84742190980161602
  0.85997588167467831  0.87327924923745170  0.88742738639893370  0.90274458005284330
  0.91963815245347158  0.93916515144363699  0.96428832896306782  1.00000000000000000
 -0.00244787407213040  0.00952478524103658  0.01967939837931347  0.03022666334111266
  0.04071936046921677  0.05120508593067542  0.06178466169704613  0.07230472193851854
  0.08289265044974777  0.09347600523928057  0.10400412784931994  0.11444339675149906
  0.12485524665326185  0.13534683461340952  0.14580521625887083  0.15618598828014668
  0.16661481454060284  0.17708434446702820  0.18749705246665935  0.19795135463295219
  0.20845733668395325  0.21909959299258558  0.22974755485532095  0.24039102697820924
  0.25102080325931925  0.26155121843067802  0.27203632094648533  0.28262674483977063
  0.29329987073112201  0.30390946750419945  0.31431590240805235  0.32468603616294744
  0.33506246010681162  0.34555589699879447  0.35603596794524889  0.36645039466224244
  0.37685605595448363  0.38725326362635482  0.39767382974167037  0.40818700453581480
  0.41872627542833551  0.42929498297622048  0.43970236827707820  0.45010758118038136
  0.46050661028044648  0.47095869757496228  0.48146747517161309  0.49202955558416939
  0.50253900014051645  0.51318859506753833  0.52393507690316210  0.53474577149746683
  0.54552733842932866  0.55620856420653120  0.56686150692594617  0.57738056935253423
  0.58783700942654782  0.59832928069384239  0.60893388078350019  0.61963427974199348
  0.63033682069099140  0.64106541739944056  0.65175723297166355  0.66244426749519392
  0.67307540544900535  0.68362397467831781  0.69402883977425334  0.70441240390037974
  0.71497123562381770  0.72562149678485299  0.73632546490823825  0.74710504202838102
  0.75772570018323615  0.76843223238666458  0.77887383211085659  0.78936910184234765
  0.79975469996421245  0.81019573523219768  0.82065409864019312  0.83117418019822265
  0.84172850833473567  0.85242403550250245  0.86297691772599916  0.87357968304130074
  0.88408623274259113  0.89460578556111858  0.90507274982585173  0.91552132419697929
  0.92604623687216125  0.93652920166619558  0.94700809671694652  0.95749908119324423
  0.96807197405139878  0.97871438448147263  0.98935019871138807  1.00000000000000000
   2.4198158252258325E-007  -1.0000000000000000     
 F F F F F F F F
  <DiscreteSampler_grid>
  grouped_processes
  1 # 1 for a reference and 2 for a running grid.
  10 # Attribute 'min_bin_probing_points' of the grid.
  1 # Attribute 'grid_mode' of the grid. 1=='default',2=='initialization'
  0.0000000000000000 # Attribute 'small_contrib_threshold' of the grid.
  0.5000000000000000 # Attribute 'damping_power' of the grid.
 # binID   n_entries weight   weight_sqr   abs_weight
    10   10   1.894786829211032E+005   4.171580136796531E+010   1.894786829211032E+005
  </DiscreteSampler_grid>
