 -0.00653792387423348  0.03559617801693253  0.06076844936295781  0.08031549404247861
  0.09719756115535194  0.11251963418980065  0.12666524054590436  0.13996858808677479
  0.15251991402983511  0.16459809826050978  0.17613325134536992  0.18736005591577809
  0.19814610080854769  0.20870857921244432  0.21891983990063729  0.22897056593868825
  0.23874751492980131  0.24839286493107310  0.25782484180646703  0.26713373501340371
  0.27626711698700512  0.28527129588628186  0.29415170408776381  0.30292150835510961
  0.31160849212069808  0.32019617663399280  0.32871142528042518  0.33714373968811634
  0.34548733096177081  0.35377643652360108  0.36199065667570285  0.37015900804378765
  0.37827047126336938  0.38633120055272113  0.39435961973403844  0.40234402456035084
  0.41029356360409691  0.41820822392572177  0.42608933981656161  0.43394600340307199
  0.44177572792546022  0.44958099495025028  0.45736814965546974  0.46514010594562072
  0.47289672718618342  0.48064822090169662  0.48839163049853335  0.49613955583865688
  0.50388549459950582  0.51163677289846876  0.51939069739457100  0.52715002324073101
  0.53491013933020126  0.54268198594446149  0.55047089386363457  0.55827985598918706
  0.56611023687757356  0.57396340747874230  0.58184116788976892  0.58975380988482740
  0.59769529361066542  0.60566551496360344  0.61368634165572833  0.62174374473506688
  0.62986149949601078  0.63803064715404068  0.64624875087394940  0.65453499288569705
  0.66287364262219339  0.67129781043437831  0.67980985308358566  0.68839492219230203
  0.69708312732412081  0.70586067041614631  0.71476126251718242  0.72378548713726099
  0.73293102531163468  0.74223779745919172  0.75167191490250784  0.76131599674951078
  0.77109962545674249  0.78115028015298915  0.79136935946142428  0.80193193516758920
  0.81271857652083102  0.82392072075228173  0.83544168214212444  0.84750169762910110
  0.86005527222504186  0.87334181855548243  0.88750689211846023  0.90286911730891861
  0.91977972023167076  0.93931607284411045  0.96446379817116878  1.00000000000000000
 -0.00249155262710456  0.00939871893834431  0.01935057501984892  0.02978385063300721
  0.04015107486541847  0.05063557025481609  0.06113349244433554  0.07165040228744241
  0.08219893739511272  0.09273684578404424  0.10321658676529147  0.11375860790267672
  0.12434323838086865  0.13502331115910404  0.14566580436136531  0.15623632938823331
  0.16677945259470814  0.17727593302027100  0.18773788549781503  0.19824336165941872
  0.20870322757575904  0.21915972960414712  0.22956037829423423  0.23991774554540957
  0.25036907653938106  0.26088075183660348  0.27136852129184064  0.28179146425173562
  0.29220044178744942  0.30274818862634434  0.31328203445004660  0.32375091089027969
  0.33421479744340377  0.34465623256813588  0.35511698708928202  0.36556931855553271
  0.37608005069386596  0.38670924158852110  0.39735814417679655  0.40797630894821885
  0.41860555204475880  0.42925433237282429  0.43992523726956761  0.45055465198125283
  0.46108635537286990  0.47165548069757024  0.48227586108325837  0.49294012275773114
  0.50356708708687203  0.51406405822339729  0.52466936136080933  0.53537926598122321
  0.54611021779873103  0.55678801455939164  0.56746840326329229  0.57811236270757327
  0.58869284410388967  0.59922333594083221  0.60977676048088059  0.62031868515687039
  0.63076293000101324  0.64117942351517176  0.65157284238274027  0.66203194484500383
  0.67249768370144491  0.68292714198961313  0.69336621734794013  0.70386894258148625
  0.71443022756860353  0.72500257432244508  0.73557121027924233  0.74613308098766162
  0.75668119681874735  0.76720424167278334  0.77781300184364477  0.78840161674628073
  0.79900012279065147  0.80951077759822609  0.82007725106560947  0.83057239043849096
  0.84116712115998649  0.85163517830791324  0.86215985110196358  0.87272636801112413
  0.88352386318600828  0.89423307702401911  0.90482914550223226  0.91532787990707110
  0.92590436914880614  0.93648005270362933  0.94706309913237019  0.95765248612880149
  0.96819049233018217  0.97876422939036578  0.98938378175300989  1.00000000000000000
   5.7424230756469080E-009  -1.0000000000000000     
 F F F F F F F F
  <DiscreteSampler_grid>
  grouped_processes
  1 # 1 for a reference and 2 for a running grid.
  10 # Attribute 'min_bin_probing_points' of the grid.
  1 # Attribute 'grid_mode' of the grid. 1=='default',2=='initialization'
  0.0000000000000000 # Attribute 'small_contrib_threshold' of the grid.
  0.5000000000000000 # Attribute 'damping_power' of the grid.
 # binID   n_entries weight   weight_sqr   abs_weight
    10   10   4.694775252398403E+004   2.835569465906763E+009   4.694775252398403E+004
  </DiscreteSampler_grid>
