 -0.00651145596047950  0.03548841990777259  0.06063004162925759  0.08016268591507904
  0.09708366948418463  0.11243436628252700  0.12659793746245401  0.13988904872684363
  0.15244429394788808  0.16450048203652501  0.17602695306226490  0.18723739069232864
  0.19803211698195131  0.20860417617760166  0.21882933918073716  0.22888625964078277
  0.23866281156664310  0.24829869603224825  0.25772836536951005  0.26703002789663155
  0.27617360787219986  0.28519220648627391  0.29409591556542092  0.30287449359482538
  0.31156076121028742  0.32014408431556773  0.32865467375593116  0.33708794384618906
  0.34543154475769100  0.35372491722891969  0.36194405874875757  0.37012097346779321
  0.37824333607471133  0.38631292952693186  0.39434279951178408  0.40231942762655137
  0.41026267926043208  0.41817712630810039  0.42606078242289813  0.43392057386517885
  0.44175240767431656  0.44955774337310023  0.45734560823575898  0.46512122010153778
  0.47288511718649573  0.48064828518758201  0.48840080944245151  0.49615074385726915
  0.50389131878700488  0.51163411866857822  0.51938033911515069  0.52714205431955208
  0.53491196962300858  0.54269694330297746  0.55049907229722739  0.55831647130200202
  0.56615348359970563  0.57401266755847513  0.58189521237935482  0.58981293122380352
  0.59776238495845246  0.60574490449153207  0.61378244160344908  0.62185703646550494
  0.62997715143730315  0.63814307046645691  0.64635283329124849  0.65464061470679968
  0.66298441685235232  0.67141214312252229  0.67992338084434123  0.68851837023389872
  0.69721994404251508  0.70601023056974876  0.71491634257365733  0.72394151427586761
  0.73309272636180023  0.74239303564718118  0.75181649344039281  0.76144623443593784
  0.77122443705452215  0.78127518337002200  0.79149803797016260  0.80206910294897915
  0.81287340155659438  0.82410091719685585  0.83564765653563278  0.84772300608908635
  0.86030331183183661  0.87362677419635704  0.88779767732895265  0.90312154957827706
  0.92002284825718128  0.93955607654349893  0.96472137442151862  1.00000000000000000
 -0.00209718841198380  0.00959325227351640  0.01963601186795524  0.03019314248887055
  0.04078521941612543  0.05131067296420153  0.06182551352158685  0.07245360369790176
  0.08301757329422488  0.09350048742802866  0.10393962475930411  0.11440414361774068
  0.12485722351175367  0.13528497579844512  0.14568190973571629  0.15628828990385110
  0.16679342311365278  0.17739378891779031  0.18793295312540351  0.19864751005078857
  0.20930060493563893  0.21977248031197397  0.23016237102119172  0.24058602694551554
  0.25089699123211623  0.26140254152472292  0.27190492853219800  0.28254221028276794
  0.29302447877215509  0.30361982434379586  0.31422426639811157  0.32484221645066397
  0.33546619366771391  0.34604749905858917  0.35677635187352408  0.36732980139332760
  0.37807089783377668  0.38854167851298860  0.39910854119809863  0.40943323187400338
  0.41986229192892238  0.43032618364083186  0.44083257685045102  0.45137671653325651
  0.46191363914398764  0.47249299973298498  0.48297397663136449  0.49342270973292490
  0.50392639064869926  0.51449578591015321  0.52507351699166005  0.53563777812488611
  0.54617679953389098  0.55682024628407678  0.56742734205351419  0.57812906820083576
  0.58871940964470282  0.59935963469163089  0.61000618174281018  0.62060314619680645
  0.63111992440623199  0.64163239455983312  0.65216294344780956  0.66268085308780145
  0.67314492861839181  0.68378044616998535  0.69442163121850353  0.70511000332410201
  0.71576307097992342  0.72642656939451333  0.73702026231886431  0.74757095039692278
  0.75811535118272089  0.76866594426082813  0.77910038047187680  0.78966384794797118
  0.80021019650335201  0.81079438835566120  0.82121229552723918  0.83159790877615047
  0.84205822035462974  0.85248362095232599  0.86292615358096081  0.87332886676921573
  0.88377832343545493  0.89420753247362483  0.90473704877794436  0.91516823730594565
  0.92576724599012328  0.93627536179454940  0.94702221184299640  0.95774104718948605
  0.96845486278286075  0.97901271137945367  0.98953400906229183  1.00000000000000000
   6.9939309162792990E-009  -1.0000000000000000     
 F F F F F F F F
  <DiscreteSampler_grid>
  grouped_processes
  1 # 1 for a reference and 2 for a running grid.
  10 # Attribute 'min_bin_probing_points' of the grid.
  1 # Attribute 'grid_mode' of the grid. 1=='default',2=='initialization'
  0.0000000000000000 # Attribute 'small_contrib_threshold' of the grid.
  0.5000000000000000 # Attribute 'damping_power' of the grid.
 # binID   n_entries weight   weight_sqr   abs_weight
    10   10   5.648759524103143E+004   4.002842366676007E+009   5.648759524103143E+004
  </DiscreteSampler_grid>
