 -0.00610884975102353  0.03500578096935569  0.06029307422285414  0.07998150589827363
  0.09697002755376348  0.11234916229378508  0.12652775651857881  0.13983921247752543
  0.15239851118819958  0.16444723310657702  0.17596492395653190  0.18715714799351058
  0.19793750214127215  0.20849512678854867  0.21872780333010350  0.22878383856687046
  0.23856580818190962  0.24820518781129178  0.25764044952151438  0.26693632254208227
  0.27606535112567199  0.28507301305698979  0.29396759278527618  0.30274539678544066
  0.31143627003184005  0.32001894364326311  0.32853173548960923  0.33696134495443314
  0.34531069524112867  0.35360619581478747  0.36182594749226948  0.36999707022425232
  0.37811625386449066  0.38618413264271617  0.39421011425936353  0.40217688886513403
  0.41010896201797276  0.41801161891700778  0.42588662314955900  0.43374466381715959
  0.44158287503984361  0.44940143570859287  0.45720177561036990  0.46498511006847143
  0.47275217660500740  0.48051794387886526  0.48827028938913380  0.49600742168445644
  0.50373462031221450  0.51146301266222438  0.51919957643461445  0.52695309143698110
  0.53471539111463606  0.54249841638373997  0.55029918230720054  0.55811170187037840
  0.56594116268670303  0.57378989566386385  0.58165966779364420  0.58956170498329996
  0.59749427866817439  0.60546221505823861  0.61348457671583201  0.62154600621233547
  0.62966460080903219  0.63783526500373500  0.64605491500133772  0.65434464195520581
  0.66268809062686018  0.67111295495938961  0.67961526424161411  0.68819452436808937
  0.69688385594252034  0.70566405251343634  0.71455543560120394  0.72355612741785702
  0.73266784571815702  0.74194769641304348  0.75135574291095908  0.76098301735372342
  0.77075421408458311  0.78081183179213642  0.79103378710792360  0.80160573512892896
  0.81238154928261286  0.82359233497002060  0.83510443388643840  0.84717316507460705
  0.85972603931712510  0.87303738409174692  0.88716946620142167  0.90244619702105577
  0.91930356027368620  0.93882054291230022  0.96408764821387527  1.00000000000000000
 -0.00249044552866640  0.00986760420230965  0.02016904670452823  0.03057090221071924
  0.04104540300423250  0.05152575700951787  0.06201860274879210  0.07249038918859488
  0.08293055242951781  0.09340623970481703  0.10384017817449871  0.11416682792117115
  0.12454896277104205  0.13511316329891623  0.14580982307692081  0.15653217561279872
  0.16721135389979594  0.17782601582367413  0.18846301816468630  0.19904665055468149
  0.20959249645558203  0.22018821497381141  0.23074289390660929  0.24128115770332151
  0.25178673443511002  0.26217783416475537  0.27251710349300667  0.28302252057573163
  0.29366201203213627  0.30443355523040250  0.31512696421341846  0.32585884652725500
  0.33655298553215762  0.34725806740734427  0.35790946321851774  0.36842940682140940
  0.37876245925806873  0.38902760779358658  0.39937917815992030  0.40979992108437741
  0.42028060210807644  0.43093270098357772  0.44170989751441442  0.45247822997940057
  0.46294459924959275  0.47337246954293488  0.48379931608228283  0.49438142209439090
  0.50495476072863288  0.51550782582946142  0.52602866801649850  0.53661273347354432
  0.54734313066955886  0.55813041907564331  0.56867162852712128  0.57918706851151214
  0.58957961683239501  0.59999903124535026  0.61029982544933770  0.62061929879915168
  0.63108939661393526  0.64166582459266019  0.65223776376671283  0.66281011303087367
  0.67331507373378574  0.68378451909681037  0.69426305433552815  0.70476374866395208
  0.71526957252872336  0.72573040128858068  0.73628493244014892  0.74687175874617728
  0.75744696129231193  0.76805768232362071  0.77881999312533901  0.78965942008743051
  0.80026809819681066  0.81074595638554936  0.82116007108145983  0.83163974149709297
  0.84232672004615494  0.85294700648762056  0.86359042035301881  0.87423033608456369
  0.88495615105119918  0.89552629760816860  0.90592382869187704  0.91620892327003378
  0.92663166449134027  0.93706452076711466  0.94752870101399289  0.95798684849518889
  0.96857163521429623  0.97906940860265534  0.98958367285036564  1.00000000000000000
   3.8033810203122468E-007  -1.0000000000000000     
 F F F F F F F F
  <DiscreteSampler_grid>
  grouped_processes
  1 # 1 for a reference and 2 for a running grid.
  10 # Attribute 'min_bin_probing_points' of the grid.
  1 # Attribute 'grid_mode' of the grid. 1=='default',2=='initialization'
  0.0000000000000000 # Attribute 'small_contrib_threshold' of the grid.
  0.5000000000000000 # Attribute 'damping_power' of the grid.
 # binID   n_entries weight   weight_sqr   abs_weight
    10   10   2.472760143638664E+005   8.799852501412527E+010   2.472760143638664E+005
  </DiscreteSampler_grid>
