 -0.00614457541647876  0.03515744518588614  0.06044009841171119  0.08010851254943734
  0.09705402901638298  0.11238245722941194  0.12654734176315677  0.13988078217160324
  0.15244489157177216  0.16449638808827102  0.17600538030175072  0.18719821624016114
  0.19798464757695164  0.20854347094646297  0.21875869169177878  0.22880074476421919
  0.23855074396174478  0.24817400382519442  0.25759102142822632  0.26690141313910221
  0.27605005934344923  0.28507821578858628  0.29399433871158603  0.30279169442591980
  0.31148492182215137  0.32006353754068695  0.32856956184169434  0.33699590724024897
  0.34532905095871519  0.35360536813028981  0.36180920608084838  0.36996530599944566
  0.37806054145140344  0.38610545515414058  0.39412424841595378  0.40211302181660669
  0.41007644512489189  0.41800657032859945  0.42590269821475235  0.43377326608396249
  0.44161343963857480  0.44942547632014523  0.45721686824238605  0.46499672176403278
  0.47276751850275484  0.48053660604272813  0.48829639140135922  0.49605334955556390
  0.50379312599921056  0.51153532118488665  0.51927873222048393  0.52704372415667489
  0.53481627194578629  0.54260807878449668  0.55041140243990361  0.55822756572717258
  0.56606037443625967  0.57391455002375114  0.58179589729308678  0.58971494810082203
  0.59767261803611282  0.60566793812651143  0.61370987345029082  0.62178341007906102
  0.62990425892456270  0.63807969336379933  0.64630914013026430  0.65462027856898475
  0.66298486007603830  0.67143302462156440  0.67994682988064314  0.68853211374090517
  0.69723054735083467  0.70602599964911861  0.71495011632910965  0.72398353829945106
  0.73313827163699397  0.74242707778193051  0.75184014449090897  0.76142686402787718
  0.77116970793702078  0.78118855939088350  0.79140186566213699  0.80195516933785194
  0.81273578209012609  0.82395269736967403  0.83550443026782106  0.84754275597531914
  0.86005927569743845  0.87330043955111536  0.88745184900650353  0.90275796576169087
  0.91965267406060502  0.93916220941850936  0.96434709109520134  1.00000000000000000
 -0.00255364717246428  0.00959546834354125  0.01979106342410256  0.03043784151599994
  0.04112061038884463  0.05174358152668634  0.06242547982192333  0.07289627358215549
  0.08348840036517736  0.09396017037390951  0.10448368433274226  0.11489296225844133
  0.12512402583316665  0.13549577534852492  0.14580978422686866  0.15610440020374355
  0.16640218294177467  0.17687046521361832  0.18733915217507724  0.19794493776809097
  0.20842217609198110  0.21916918561453566  0.22978631001075944  0.24037497904512925
  0.25109107162251526  0.26169925099942332  0.27234888881847052  0.28277947230782358
  0.29326417588690862  0.30367595423517296  0.31423049042307588  0.32492325506089409
  0.33556030184790758  0.34585572869646891  0.35620872765233408  0.36662355820459203
  0.37711769030575315  0.38740578531960579  0.39758700958637605  0.40803034315950637
  0.41833658154886888  0.42891606118521641  0.43954094396234783  0.45037287550065352
  0.46111788923001940  0.47171304218782784  0.48222117351170662  0.49259626941800277
  0.50295829413531945  0.51332616023083699  0.52372245797276329  0.53408020322071537
  0.54450510833433630  0.55498960805831010  0.56553117857835045  0.57610446897879153
  0.58658070465971390  0.59710690260075716  0.60761595653295597  0.61821169984363100
  0.62871325972824221  0.63926538143184231  0.64982872555807625  0.66046245692822725
  0.67109002190487110  0.68165638227178438  0.69217257530816179  0.70255061199681201
  0.71304838171484852  0.72351193692818982  0.73410915744161409  0.74467068384924850
  0.75525893284953527  0.76591224259686730  0.77654379987459843  0.78718542288560389
  0.79778490634507404  0.80830174023097989  0.81888325828314013  0.82948126538544986
  0.84005038303045765  0.85060730112850202  0.86109880431508634  0.87174068608500777
  0.88227001841139241  0.89273700433391123  0.90324287789951418  0.91377254658383167
  0.92456076531665543  0.93533412777984448  0.94624899083938530  0.95710146150176922
  0.96786073077462131  0.97854613857784911  0.98924136742136515  1.00000000000000000
   9.6743710827019099E-007  -1.0000000000000000     
 F F F F F F F F
  <DiscreteSampler_grid>
  grouped_processes
  1 # 1 for a reference and 2 for a running grid.
  10 # Attribute 'min_bin_probing_points' of the grid.
  1 # Attribute 'grid_mode' of the grid. 1=='default',2=='initialization'
  0.0000000000000000 # Attribute 'small_contrib_threshold' of the grid.
  0.5000000000000000 # Attribute 'damping_power' of the grid.
 # binID   n_entries weight   weight_sqr   abs_weight
    10   10   1.703229636684327E+005   3.756383069003446E+010   1.703229636684327E+005
  </DiscreteSampler_grid>
