 -0.00650487881542401  0.03493575047612870  0.06019892441412812  0.07984490917689130
  0.09681143287183973  0.11219495235333306  0.12637280500504006  0.13970292744936583
  0.15228821343948667  0.16438445979512162  0.17592511322435234  0.18714914485260339
  0.19793472564600831  0.20850192590912989  0.21873073207903024  0.22878974169669486
  0.23857483486717920  0.24821591077436042  0.25765025866504376  0.26695959559832194
  0.27610778610093201  0.28512708789867053  0.29402686734180067  0.30280552121639637
  0.31149687691485856  0.32008229404400362  0.32858813241076384  0.33701001608862347
  0.34534728928064273  0.35363718896681079  0.36185790300416310  0.37003397353943418
  0.37815597898286296  0.38622239763353106  0.39425139550597321  0.40222597653601755
  0.41016738531301422  0.41807840191676998  0.42595544752828585  0.43381013260148238
  0.44164103051600334  0.44944971828012392  0.45723868728297384  0.46501040954314826
  0.47276772487947077  0.48052575793915492  0.48827584060380558  0.49602524746210452
  0.50376951136381087  0.51151155716530561  0.51925948281693368  0.52701457397804397
  0.53477236455068378  0.54253934108175594  0.55032497286674253  0.55813437723392068
  0.56597357128426029  0.57383801562863135  0.58172077573534731  0.58963521757255688
  0.59758137543039835  0.60555871182820664  0.61358543368262453  0.62164278988559341
  0.62975737648717700  0.63792898311343271  0.64614882605188340  0.65444026011769230
  0.66278327584891050  0.67121360004026254  0.67973198239285282  0.68833028464781154
  0.69703368587990489  0.70581227070254415  0.71470334252595891  0.72370880510944791
  0.73284406497775934  0.74214177232456335  0.75157073003401642  0.76120283777595021
  0.77097759590431747  0.78102193025537947  0.79123875573649161  0.80179041920949279
  0.81255225129868480  0.82375367124549370  0.83526951106001401  0.84732800622665605
  0.85987493359811895  0.87315946191833416  0.88730802562013600  0.90262651549158790
  0.91949046312715565  0.93896055009424950  0.96414080530908008  1.00000000000000000
 -0.00246893617433262  0.00947045702531650  0.01965784394451891  0.03009126839839795
  0.04062935026190341  0.05116624289534000  0.06164358202510520  0.07213462039935684
  0.08261016459127021  0.09318527553953056  0.10369068562323591  0.11418283332885872
  0.12468673547778195  0.13520503887961233  0.14571196746062909  0.15630713819614109
  0.16690955377605293  0.17753990411050122  0.18814814588431361  0.19864451719217169
  0.20900129629598585  0.21941517352005296  0.22982444220215603  0.24035946985096532
  0.25084048076965926  0.26137510815956877  0.27191605550610964  0.28241350638772977
  0.29299778833074908  0.30352124493786387  0.31401109639508018  0.32446936005499061
  0.33491574453791945  0.34549177456056018  0.35604895017050781  0.36672446315895246
  0.37729167324197527  0.38780696739698162  0.39834641668838977  0.40901374457315232
  0.41964033835722342  0.43018910742896166  0.44072949677725953  0.45133648019939465
  0.46189039623756156  0.47241767292949893  0.48298889490384672  0.49362614564979518
  0.50420621148097544  0.51476684985598542  0.52531356300825083  0.53583394828462405
  0.54631154111666602  0.55673129776681241  0.56721736456942651  0.57770358998292204
  0.58823082796309789  0.59865351811045686  0.60917430546422580  0.61966766606364676
  0.63021261549762597  0.64080966199561740  0.65148713213617526  0.66221650735108761
  0.67277039034953701  0.68325898842875410  0.69372073404563950  0.70418519760664144
  0.71458974715956636  0.72512213358857502  0.73569469988718228  0.74638167949518075
  0.75694922580909252  0.76754503264766061  0.77807132616807517  0.78872229230867263
  0.79933229349334478  0.80994673686939012  0.82046580723121820  0.83101315617347882
  0.84159888846521747  0.85218912197479113  0.86278409139197076  0.87337661231835095
  0.88382348373471353  0.89420335909046200  0.90454456382001680  0.91493881630234997
  0.92548429030310697  0.93610594949235626  0.94679947829520561  0.95752484364972335
  0.96821160535036599  0.97888617874575057  0.98944689406705055  1.00000000000000000
   4.3565829654185055E-008  -1.0000000000000000     
 F F F F F F F F
  <DiscreteSampler_grid>
  grouped_processes
  1 # 1 for a reference and 2 for a running grid.
  10 # Attribute 'min_bin_probing_points' of the grid.
  1 # Attribute 'grid_mode' of the grid. 1=='default',2=='initialization'
  0.0000000000000000 # Attribute 'small_contrib_threshold' of the grid.
  0.5000000000000000 # Attribute 'damping_power' of the grid.
 # binID   n_entries weight   weight_sqr   abs_weight
    10   10   4.828658673931959E+005   2.481047643071459E+011   4.828658673931959E+005
  </DiscreteSampler_grid>
