 -0.00650477945972143  0.03530634905211976  0.06048233246587676  0.08008930409412318
  0.09705934343079149  0.11243125160548674  0.12661499228263351  0.13994748979707181
  0.15252236688824619  0.16460088189401564  0.17612430550136632  0.18733601750737683
  0.19811401657924513  0.20867861788957531  0.21889849318601459  0.22896145013051525
  0.23874442179604352  0.24837891083839214  0.25779282466592807  0.26707661471505861
  0.27620593281545047  0.28522307590785667  0.29412998751735148  0.30291582203063439
  0.31160337834608109  0.32018246607797268  0.32869139103120099  0.33713128970417716
  0.34549225909118075  0.35379631071941053  0.36201883454857209  0.37019121367784058
  0.37830866244556338  0.38637601767936797  0.39440268971786402  0.40237641819086312
  0.41031573102889235  0.41822527499606160  0.42610532070262108  0.43396601010341912
  0.44180312158523433  0.44961526861671652  0.45740984380336036  0.46518685510622149
  0.47295407273570822  0.48071889862908662  0.48847299442579190  0.49622636400808845
  0.50397984200098667  0.51173927251652984  0.51949739816560270  0.52726334142891518
  0.53502924979969158  0.54280628612162252  0.55059921837497217  0.55841229622159161
  0.56625009855034958  0.57410855345011558  0.58198710182135605  0.58989984482872360
  0.59784752248243156  0.60582903552514189  0.61384948051318244  0.62189242268993328
  0.62998857182727508  0.63814262974978098  0.64635705992125847  0.65464885666017203
  0.66299258308125708  0.67141862327791935  0.67991850129193843  0.68849868592907160
  0.69718688941123763  0.70597504703914216  0.71488203519011251  0.72390067466910624
  0.73303483071228237  0.74232796102686938  0.75176161237695127  0.76141490896771435
  0.77121654748983270  0.78128628635544262  0.79151961291391693  0.80208273344289960
  0.81286450729498816  0.82408199930132053  0.83562597274545447  0.84769875767125946
  0.86025392330756745  0.87354202220310329  0.88767675201752450  0.90298416212174926
  0.91986329465231165  0.93940710639195546  0.96459338983873799  1.00000000000000000
 -0.00245171346363836  0.00952195544545854  0.01964753704727455  0.03016444425574573
  0.04075155912023348  0.05141752308786998  0.06208466384625605  0.07272544824111821
  0.08315626131267399  0.09355273633045091  0.10407469255572842  0.11479911659713654
  0.12554061516435475  0.13630222300851344  0.14699211158240205  0.15769863255087516
  0.16839190965760237  0.17908069660901360  0.18973098075405714  0.20033545504365366
  0.21092951273839780  0.22150711399078835  0.23202444320217513  0.24263082004911421
  0.25323862850550211  0.26386385676454688  0.27450101756796214  0.28515304472136510
  0.29579478877145249  0.30638533064959866  0.31701315737362545  0.32762807886324735
  0.33822987990886805  0.34877826872793988  0.35937479825129065  0.36990728711226001
  0.38043165341762192  0.39090061512736418  0.40132897327189587  0.41183738891061789
  0.42236259602383641  0.43285923484763572  0.44330150672830582  0.45367940750553676
  0.46413409475038903  0.47463118957115513  0.48521600731064080  0.49581828034589381
  0.50627716715057880  0.51672400860784162  0.52717279722719379  0.53772152743174395
  0.54830505844159450  0.55892393834487475  0.56955412427354324  0.58001475827701232
  0.59046565045256538  0.60098299602259364  0.61158975916686364  0.62217158531081318
  0.63271022528019449  0.64327549582419918  0.65390147626193151  0.66445585669997054
  0.67510210854462993  0.68576859210329533  0.69633642044747068  0.70678667247679394
  0.71716630659398928  0.72758752129848536  0.73808873356445015  0.74856077205175364
  0.75919486291906590  0.76977782478644285  0.78028101766459379  0.79071937559163219
  0.80118840501101041  0.81171074138129251  0.82213610382545488  0.83243338716958803
  0.84279787249823734  0.85319504924898770  0.86361295795093251  0.87407831809165815
  0.88462013520926541  0.89512139403165525  0.90565928245025096  0.91609183516720394
  0.92660114349936551  0.93705722385361079  0.94760810584878907  0.95811893857842756
  0.96858569925398819  0.97901941147839266  0.98953992662676138  1.00000000000000000
   5.1607323531366268E-008  -1.0000000000000000     
 F F F F F F F F
  <DiscreteSampler_grid>
  grouped_processes
  1 # 1 for a reference and 2 for a running grid.
  10 # Attribute 'min_bin_probing_points' of the grid.
  1 # Attribute 'grid_mode' of the grid. 1=='default',2=='initialization'
  0.0000000000000000 # Attribute 'small_contrib_threshold' of the grid.
  0.5000000000000000 # Attribute 'damping_power' of the grid.
 # binID   n_entries weight   weight_sqr   abs_weight
    10   10   4.630211773752674E+005   2.713362915404834E+011   4.630211773752674E+005
  </DiscreteSampler_grid>
