 -0.00608580046709861  0.03489883043122936  0.06008975130691959  0.07971648501954119
  0.09665634990605361  0.11203268507057222  0.12622354038395980  0.13957329459428069
  0.15215317592692071  0.16424503633309367  0.17578497989924466  0.18701333176646942
  0.19781004396615107  0.20839255096295164  0.21862413309198284  0.22868116537220126
  0.23845115894658292  0.24808616748232279  0.25751752869606653  0.26682925226046300
  0.27597227944009717  0.28499396251863834  0.29389346304789482  0.30268331072370919
  0.31138623862736708  0.31998037185235911  0.32849670775437689  0.33693073134533497
  0.34527654072544961  0.35357001024710299  0.36178947604009604  0.36996423421570929
  0.37808309899288117  0.38614558056706833  0.39416656551655138  0.40214122056915819
  0.41008386713465184  0.41799710807639573  0.42587880756509422  0.43373948352952157
  0.44158018237188290  0.44940019013204241  0.45720220571222664  0.46498768445266025
  0.47275800581940580  0.48052208963745718  0.48827526482826039  0.49602286562200432
  0.50376432962623896  0.51150443637511356  0.51924813711568762  0.52700538071938907
  0.53477244096732890  0.54255681369005948  0.55035630454702500  0.55816700715829504
  0.56599582780932423  0.57384716698639904  0.58172259776108026  0.58963054990686103
  0.59756964829702486  0.60554255979650118  0.61356688598529296  0.62162694679449604
  0.62973839530758957  0.63790690778970516  0.64612508821487757  0.65441591824257672
  0.66275954776477208  0.67118372095489476  0.67969487274375928  0.68828203306137214
  0.69697823291793548  0.70576248280574960  0.71466335948728088  0.72367822625061440
  0.73282035221023201  0.74212187918655137  0.75155642323233296  0.76119894681878453
  0.77098558107358972  0.78103245744018324  0.79125596831471079  0.80181600046554125
  0.81261352451133151  0.82382749508346587  0.83535420299582919  0.84740735445602777
  0.85996930748956324  0.87325969144499926  0.88740654173010058  0.90273580593407954
  0.91966783463370116  0.93923963580228886  0.96448659734477560  1.00000000000000000
 -0.00206855093149737  0.00965059485473387  0.01985503309021084  0.03044701461824722
  0.04110394016192151  0.05173625551304509  0.06225591007149887  0.07268515745036461
  0.08311599768032134  0.09356203970581808  0.10403188799593518  0.11452369190996164
  0.12505714484857705  0.13562693683451749  0.14614656691924904  0.15679844293786360
  0.16745953664255234  0.17809411470516781  0.18867579911074830  0.19914034781561271
  0.20971909615131493  0.22026475106549570  0.23085133464358848  0.24139418093959078
  0.25188338213039996  0.26248752317143059  0.27313219418840040  0.28376822654359840
  0.29444915342395062  0.30499916508608765  0.31556525763403920  0.32608418653336774
  0.33664113271698504  0.34725520344513372  0.35781879132921152  0.36839830202546531
  0.37892117195442343  0.38945925521678953  0.39991493508753140  0.41038369828661697
  0.42091593337297528  0.43147985585542892  0.44204837495137145  0.45264625653555102
  0.46321052724744605  0.47381116500387760  0.48429952310846619  0.49488722459061596
  0.50545052609625940  0.51598616160338950  0.52655042310230116  0.53714946524888352
  0.54778824688555383  0.55834706747483032  0.56891624794477524  0.57948586106078848
  0.59011363885099977  0.60070714843494832  0.61137332049134130  0.62196034042681159
  0.63247937722125946  0.64292009122521498  0.65339428043824899  0.66383052472493109
  0.67426161049295086  0.68464249813594880  0.69517733255276426  0.70575736253098309
  0.71634657752215380  0.72690108174152801  0.73740215709490431  0.74793234495480709
  0.75841822023657768  0.76889249375910595  0.77944329721781036  0.79005289031908088
  0.80069151397691840  0.81128339047870179  0.82183564814866594  0.83243193064766852
  0.84294833835708494  0.85344838770855913  0.86393795829848952  0.87442151163799853
  0.88493641889688457  0.89552280559497310  0.90603349069313355  0.91657722179046330
  0.92695799241236465  0.93737761461047253  0.94780591740786946  0.95822591173059168
  0.96872162020668240  0.97910895145695875  0.98958624800381145  1.00000000000000000
   7.4945875780755873E-008  -1.0000000000000000     
 F F F F F F F F
  <DiscreteSampler_grid>
  grouped_processes
  1 # 1 for a reference and 2 for a running grid.
  10 # Attribute 'min_bin_probing_points' of the grid.
  1 # Attribute 'grid_mode' of the grid. 1=='default',2=='initialization'
  0.0000000000000000 # Attribute 'small_contrib_threshold' of the grid.
  0.5000000000000000 # Attribute 'damping_power' of the grid.
 # binID   n_entries weight   weight_sqr   abs_weight
    10   10   3.370026842393132E+005   1.354792783560281E+011   3.370026842393132E+005
  </DiscreteSampler_grid>
