 -0.00609268689598019  0.03485621118948810  0.06007813279258237  0.07972382849769824
  0.09670616608615756  0.11210047790066206  0.12628493295274082  0.13963319628333434
  0.15220121876227732  0.16428075616448429  0.17581303621959210  0.18702938094550101
  0.19781323537195838  0.20836978998951486  0.21859284291750131  0.22862880486871584
  0.23839790464420973  0.24802722120923268  0.25746072750888721  0.26676668010614923
  0.27591864300508118  0.28494554794638566  0.29385171105332319  0.30263664046103844
  0.31133611208712691  0.31993665429328355  0.32845699501329373  0.33690135564607321
  0.34525599132369111  0.35356029414849433  0.36179121840877521  0.36997223805368423
  0.37809417376482068  0.38615227665358559  0.39417359573839811  0.40215156114508910
  0.41010389861628227  0.41802915095704235  0.42592055295573539  0.43378576501062482
  0.44162593685420115  0.44944523704946671  0.45724866897590616  0.46503567179221750
  0.47280749676501965  0.48056980226285262  0.48832428173328146  0.49607407260189884
  0.50381691377211335  0.51156159449006033  0.51930293472739153  0.52705256830525349
  0.53480895525642835  0.54258439859539764  0.55038555354594809  0.55820614897270804
  0.56604653674416616  0.57390797646160407  0.58179062246328328  0.58970461364307225
  0.59764918204363726  0.60562455196924425  0.61364958562551108  0.62171913719586946
  0.62984156166506744  0.63801808207805044  0.64623842888835226  0.65452779290078267
  0.66287186094888839  0.67130142276216331  0.67981381096401583  0.68839902290982447
  0.69708629353673501  0.70586649518922240  0.71476820653159046  0.72379330084253712
  0.73294247258227507  0.74225163473759781  0.75168186933927794  0.76131205465549612
  0.77108109768651478  0.78112570132304660  0.79134934229191112  0.80190932806292148
  0.81269258439728220  0.82390315915957224  0.83543711205502003  0.84750711018215830
  0.86006441021580171  0.87336395509640774  0.88752413031076038  0.90287982519662457
  0.91980562475375072  0.93932886888382661  0.96443422990591732  1.00000000000000000
 -0.00247375415354352  0.00941413391411536  0.01949575176125349  0.02985223206096954
  0.04035982200533324  0.05092726228572234  0.06150467820588921  0.07203387351747476
  0.08259331121175244  0.09317316894754002  0.10375771878744817  0.11442599063939041
  0.12510354778450139  0.13557443896662832  0.14610742898186990  0.15673997822960264
  0.16744895634166843  0.17798018375846408  0.18837402491461330  0.19881556799952244
  0.20912798423055934  0.21955828551685302  0.22995363219854983  0.24044232507425467
  0.25089487519884002  0.26129857459445560  0.27171043256091670  0.28215566338962361
  0.29264801389120976  0.30321622011786203  0.31369377654742042  0.32441940945236442
  0.33502419007804990  0.34552959108427705  0.35598579110497031  0.36657256271062683
  0.37718508518579263  0.38770037632109455  0.39828648102952680  0.40897366684327219
  0.41960707295395411  0.43006289314539475  0.44046928296073412  0.45092902195269674
  0.46140610584820158  0.47206702744592149  0.48265390670138114  0.49327183525555790
  0.50378404559576107  0.51427005302424678  0.52472864115261852  0.53507304358423524
  0.54557982536372573  0.55617525893241071  0.56673265960874075  0.57728664795740092
  0.58789497373754951  0.59855759251458440  0.60910604518314693  0.61957129349767848
  0.63007194964896140  0.64060212521317661  0.65105452311765977  0.66156316814138816
  0.67205223634297395  0.68252802931509937  0.69290576241871138  0.70331641786326005
  0.71384959458194519  0.72439592660350649  0.73504236664302713  0.74571768492485913
  0.75630240303620222  0.76677181916587533  0.77730031180927095  0.78786952676555311
  0.79844919715675622  0.80895319085903383  0.81955168269348122  0.83020419722761307
  0.84093640757099331  0.85161918096098921  0.86222906793491438  0.87269918615886355
  0.88313593435272197  0.89362844789584017  0.90410998107111262  0.91464831123802759
  0.92521835575665190  0.93576859068331930  0.94642943782815703  0.95708232550031125
  0.96788176927193170  0.97861963430387766  0.98930291643859702  1.00000000000000000
   5.1543763676678159E-008  -1.0000000000000000     
 F F F F F F F F
  <DiscreteSampler_grid>
  grouped_processes
  1 # 1 for a reference and 2 for a running grid.
  10 # Attribute 'min_bin_probing_points' of the grid.
  1 # Attribute 'grid_mode' of the grid. 1=='default',2=='initialization'
  0.0000000000000000 # Attribute 'small_contrib_threshold' of the grid.
  0.5000000000000000 # Attribute 'damping_power' of the grid.
 # binID   n_entries weight   weight_sqr   abs_weight
    10   10   3.513600244889833E+005   1.628824751602552E+011   3.513600244889833E+005
  </DiscreteSampler_grid>
