 -0.00650748305104077  0.03512907647884930  0.06031370774109404  0.07993997509295803
  0.09692143478990205  0.11228989052489380  0.12644239493963258  0.13974505302492962
  0.15231110556246780  0.16438319332089552  0.17591243116473385  0.18712340851942988
  0.19791065280355061  0.20847865486477804  0.21870545315247300  0.22875623733553840
  0.23852695362433624  0.24815257028155616  0.25757586034093310  0.26688189389529748
  0.27602936458434307  0.28505027371822483  0.29395329997973524  0.30273694945323748
  0.31143412454604902  0.32001708777212562  0.32851800661636354  0.33694013302722076
  0.34527856917350996  0.35356744788666694  0.36178266777650997  0.36994924170726501
  0.37806615705355012  0.38612965556475420  0.39415971876979283  0.40213665792169612
  0.41007911366419780  0.41799105324651320  0.42587156083079969  0.43373217062441999
  0.44156948337926266  0.44938423481247786  0.45718244381781969  0.46496647673076591
  0.47273674081434730  0.48050296218865635  0.48825777254241387  0.49601060652651613
  0.50376308048515750  0.51151174073521499  0.51925964067941865  0.52701271135312144
  0.53477434882523367  0.54255065118522028  0.55034313109543176  0.55815142008469620
  0.56597953583589655  0.57383139025112728  0.58170625145281474  0.58961423633974464
  0.59755303349918598  0.60552271115081246  0.61354315356017530  0.62160026957434700
  0.62971337453347653  0.63788091616998732  0.64609769328892430  0.65438935731719294
  0.66273426120128553  0.67116513779434284  0.67967740897407658  0.68826626201522956
  0.69695217146650301  0.70572345940176495  0.71461351726923039  0.72363107842059682
  0.73277406830822678  0.74207880078381860  0.75151437024467227  0.76116684742781959
  0.77095912823736934  0.78101894337840150  0.79124012252277975  0.80179692219409293
  0.81257613759136926  0.82377559108014942  0.83529547518722436  0.84735184586009415
  0.85990642241291326  0.87319439267699284  0.88734875828695170  0.90269036506026046
  0.91961968453572540  0.93917706946387636  0.96436928732662863  1.00000000000000000
 -0.00243008211191299  0.00963490233248022  0.01983750298180919  0.03035889387696887
  0.04091031570112548  0.05146235212539275  0.06204542861849878  0.07258269645702982
  0.08320186019344400  0.09374408528525342  0.10427411037280655  0.11480455695139188
  0.12539449851510204  0.13600159762317682  0.14656813887724929  0.15704865053945552
  0.16749267457387831  0.17793728029137071  0.18848383240938441  0.19893719314386749
  0.20940286902783137  0.21984182281771350  0.23029179412116610  0.24073087573359145
  0.25116870613928099  0.26171403851317193  0.27224141670903634  0.28282231338615493
  0.29335441082709723  0.30390335849157391  0.31452333266362192  0.32520461784930477
  0.33582182799270299  0.34634363909344817  0.35696195424235722  0.36759330220702380
  0.37826066737802361  0.38882632105488091  0.39938674941133151  0.40986984058762144
  0.42041992363840425  0.43101863344734598  0.44163083563859068  0.45215404314936997
  0.46261534798391679  0.47308592408068367  0.48362616107714695  0.49425918121406615
  0.50482468734477270  0.51533382013601670  0.52575158014737233  0.53615173882219291
  0.54667467648954726  0.55724269693891426  0.56789138691163354  0.57844994389498439
  0.58905152840847674  0.59959641650982232  0.61013758583634625  0.62060321492317783
  0.63106500908948138  0.64151315995548852  0.65209476670485489  0.66271238706712210
  0.67341025897746176  0.68401909615968270  0.69457018175411023  0.70510067334166049
  0.71559487346457806  0.72618674502110747  0.73669321858545678  0.74715533008205248
  0.75761915690721016  0.76806140842262738  0.77861111914285486  0.78906720263148200
  0.79966249037320758  0.81016850783497329  0.82065591372110058  0.83106819958504530
  0.84166095505452643  0.85229240265521944  0.86280255493922253  0.87327215509139389
  0.88380007440584629  0.89434927232209482  0.90478758605860732  0.91524580835984193
  0.92589478302690265  0.93646383027987268  0.94704105933357285  0.95759800775565396
  0.96824505716606135  0.97890993779876245  0.98946127165182207  1.00000000000000000
   5.7504723402917561E-009  -1.0000000000000000     
 F F F F F F F F
  <DiscreteSampler_grid>
  grouped_processes
  1 # 1 for a reference and 2 for a running grid.
  10 # Attribute 'min_bin_probing_points' of the grid.
  1 # Attribute 'grid_mode' of the grid. 1=='default',2=='initialization'
  0.0000000000000000 # Attribute 'small_contrib_threshold' of the grid.
  0.5000000000000000 # Attribute 'damping_power' of the grid.
 # binID   n_entries weight   weight_sqr   abs_weight
    10   10   7.046283434733011E+004   5.250762249490011E+009   7.046283434733011E+004
  </DiscreteSampler_grid>
