 -0.00646905213858746  0.03464821813416609  0.05987999307548124  0.07957753345692489
  0.09653395435310826  0.11190459081619056  0.12608012346162836  0.13940871271191282
  0.15197313547282923  0.16405135189739087  0.17559984545945720  0.18682695546022848
  0.19763064492745400  0.20820584368924222  0.21844294918945897  0.22850780910989563
  0.23830492646988427  0.24796245818443735  0.25740741307254444  0.26671969382363558
  0.27587101195491454  0.28489694166274793  0.29380451893623444  0.30258728849587890
  0.31127730791064279  0.31985846599841472  0.32836142938711399  0.33679533358388863
  0.34514402730379024  0.35344634130516445  0.36166851919524562  0.36984273062446232
  0.37796195747214822  0.38603135429460411  0.39406215792786076  0.40204373197121057
  0.40999347815336346  0.41791089951380195  0.42579075275825740  0.43364284234018158
  0.44147039635447144  0.44927889395151094  0.45707272487963679  0.46485061227408775
  0.47261389412770161  0.48037494773495776  0.48812803349254236  0.49588404095927746
  0.50363664408591824  0.51139008896614080  0.51914333208482089  0.52690442386497194
  0.53467072482642752  0.54244779460991810  0.55023712228724997  0.55804319251260359
  0.56587411012194300  0.57373294130365937  0.58161555534320197  0.58953055668599674
  0.59747772653848885  0.60545638085622833  0.61348188683902682  0.62153946782033709
  0.62965187875912432  0.63782760687863627  0.64605672791021940  0.65435981804835808
  0.66270945183534791  0.67113918082329382  0.67964753562757296  0.68823064120882804
  0.69691619548803718  0.70569300687215608  0.71459324839275873  0.72361890738034673
  0.73276624084623754  0.74207589710089938  0.75150796468237457  0.76115397169687549
  0.77093695909070792  0.78099269433165408  0.79121805694973246  0.80178707083995204
  0.81257863947887199  0.82379831734057773  0.83532458152454847  0.84739125150069294
  0.85994481323029937  0.87323174301847151  0.88735726016666272  0.90265055426066332
  0.91951500695141475  0.93900961033518626  0.96414342096842554  1.00000000000000000
 -0.00238428209349601  0.00960009076332583  0.01966144300976402  0.03015587361802554
  0.04060310616503975  0.05126223171638724  0.06173174840927608  0.07237083697867579
  0.08293710692425642  0.09351971216097445  0.10415246613229846  0.11474635557364390
  0.12539081886181741  0.13590069135324065  0.14632003795038442  0.15677468093140315
  0.16721654428145405  0.17771501202476245  0.18824468057655858  0.19884659058598075
  0.20947343261120954  0.22009855408134382  0.23066719130985838  0.24114242506585770
  0.25162767168387457  0.26216553107131990  0.27274414620189597  0.28330472174166726
  0.29374654834502317  0.30412501599107272  0.31460363166434219  0.32525401189839798
  0.33590197231453772  0.34652781886853218  0.35710713105620256  0.36777112015033636
  0.37840838073070771  0.38904165556920989  0.39964599259746286  0.41023798077145501
  0.42080678374450858  0.43138297987986313  0.44191094942408310  0.45247455913280127
  0.46306725823529182  0.47373966161770503  0.48432918591806939  0.49479372476626982
  0.50519110464913619  0.51552807242754606  0.52590566026749241  0.53626134942690240
  0.54662906137505374  0.55702657276739742  0.56750181835358648  0.57797895038822900
  0.58845193944783292  0.59885981664152776  0.60937692082617545  0.61978815283647470
  0.63024000975748118  0.64060145681212477  0.65097807005436137  0.66130462783332544
  0.67174927120367245  0.68229148090788383  0.69285642668998471  0.70337855553574791
  0.71391325999440824  0.72439848818327035  0.73481799027773598  0.74514737729505531
  0.75553628349885094  0.76593381637546365  0.77647270388234324  0.78703642608456315
  0.79761824002894333  0.80817661093659476  0.81877257418802896  0.82935283891227063
  0.83990322488899771  0.85038827725056010  0.86107248965830874  0.87179533249205765
  0.88270959689814465  0.89356929052301615  0.90438266123668321  0.91507965954457715
  0.92566107521104646  0.93625428581819781  0.94682184672397340  0.95738319342240064
  0.96804302052028046  0.97860107870954061  0.98930147006394509  1.00000000000000000
   5.7255122295378912E-009  -1.0000000000000000     
 F F F F F F F F
  <DiscreteSampler_grid>
  grouped_processes
  1 # 1 for a reference and 2 for a running grid.
  10 # Attribute 'min_bin_probing_points' of the grid.
  1 # Attribute 'grid_mode' of the grid. 1=='default',2=='initialization'
  0.0000000000000000 # Attribute 'small_contrib_threshold' of the grid.
  0.5000000000000000 # Attribute 'damping_power' of the grid.
 # binID   n_entries weight   weight_sqr   abs_weight
    10   10   4.957482943983506E+004   3.270702748974658E+009   4.957482943983506E+004
  </DiscreteSampler_grid>
