 -0.00644772999583883  0.03524714379796157  0.06045598760409180  0.08002447889210149
  0.09693888031206267  0.11227444897438056  0.12642189413765889  0.13973982751161318
  0.15231076274175037  0.16440083897228688  0.17592258681551362  0.18712607519976743
  0.19790592447536809  0.20847897574786400  0.21871370731693818  0.22878421629682749
  0.23857414100086763  0.24821991798407267  0.25764931185263912  0.26695755692218470
  0.27610714041230899  0.28513856178748875  0.29404716663339509  0.30283129162481220
  0.31152785684090778  0.32012248395432574  0.32864632847567077  0.33708197540948420
  0.34542807261044278  0.35372248797154549  0.36194288218576215  0.37011469009629439
  0.37822915614492436  0.38629407541930688  0.39432629450725470  0.40230997538645979
  0.41026177581829665  0.41818190766863000  0.42606849888083637  0.43393143091490521
  0.44176963120659568  0.44958781939372355  0.45738768015897596  0.46516898229535886
  0.47293248687408868  0.48068063212301126  0.48841757633732397  0.49614747800328041
  0.50387532316822115  0.51161020011775438  0.51935683290353007  0.52712040638094670
  0.53489188707308366  0.54267231737535149  0.55046575085312432  0.55827730927084085
  0.56611301484391707  0.57397135447669567  0.58184318322226192  0.58974394852461576
  0.59767719871802272  0.60564761500349917  0.61367650100076432  0.62172968245851457
  0.62983533837288608  0.63799092163620463  0.64619900965648314  0.65448776853774449
  0.66283048122420885  0.67126100135325950  0.67977667283513366  0.68837113679162276
  0.69706832364753291  0.70584858140697015  0.71474172249161050  0.72375908578313419
  0.73290040912960219  0.74220556550651162  0.75163993289851994  0.76128868930537896
  0.77106710443619586  0.78110648195532117  0.79131591560431569  0.80187942658904976
  0.81266116039974912  0.82385790102460998  0.83536447158393246  0.84742190980161580
  0.85997588167467820  0.87327924923745148  0.88742738639893348  0.90274458005284297
  0.91963815245347125  0.93916515144363655  0.96428832896306726  1.00000000000000000
 -0.00244787407213040  0.00952478524103657  0.01967939837931347  0.03022666334111265
  0.04071936046921676  0.05120508593067540  0.06178466169704608  0.07230472193851852
  0.08289265044974774  0.09347600523928051  0.10400412784931988  0.11444339675149899
  0.12485524665326178  0.13534683461340943  0.14580521625887077  0.15618598828014663
  0.16661481454060276  0.17708434446702814  0.18749705246665924  0.19795135463295210
  0.20845733668395314  0.21909959299258550  0.22974755485532081  0.24039102697820913
  0.25102080325931908  0.26155121843067791  0.27203632094648517  0.28262674483977052
  0.29329987073112185  0.30390946750419934  0.31431590240805224  0.32468603616294733
  0.33506246010681145  0.34555589699879430  0.35603596794524872  0.36645039466224227
  0.37685605595448346  0.38725326362635465  0.39767382974167020  0.40818700453581469
  0.41872627542833535  0.42929498297622032  0.43970236827707804  0.45010758118038113
  0.46050661028044632  0.47095869757496206  0.48146747517161287  0.49202955558416911
  0.50253900014051633  0.51318859506753811  0.52393507690316188  0.53474577149746672
  0.54552733842932855  0.55620856420653098  0.56686150692594606  0.57738056935253401
  0.58783700942654760  0.59832928069384217  0.60893388078349997  0.61963427974199325
  0.63033682069099106  0.64106541739944034  0.65175723297166333  0.66244426749519358
  0.67307540544900502  0.68362397467831748  0.69402883977425300  0.70441240390037940
  0.71497123562381737  0.72562149678485266  0.73632546490823791  0.74710504202838057
  0.75772570018323582  0.76843223238666425  0.77887383211085615  0.78936910184234732
  0.79975469996421222  0.81019573523219734  0.82065409864019290  0.83117418019822231
  0.84172850833473534  0.85242403550250201  0.86297691772599872  0.87357968304130040
  0.88408623274259068  0.89460578556111825  0.90507274982585140  0.91552132419697885
  0.92604623687216081  0.93652920166619513  0.94700809671694619  0.95749908119324389
  0.96807197405139833  0.97871438448147219  0.98935019871138752  1.00000000000000000
   6.9964805736175355E-009  -1.0000000000000000     
 F F F F F F F F
  <DiscreteSampler_grid>
  grouped_processes
  1 # 1 for a reference and 2 for a running grid.
  10 # Attribute 'min_bin_probing_points' of the grid.
  1 # Attribute 'grid_mode' of the grid. 1=='default',2=='initialization'
  0.0000000000000000 # Attribute 'small_contrib_threshold' of the grid.
  0.5000000000000000 # Attribute 'damping_power' of the grid.
 # binID   n_entries weight   weight_sqr   abs_weight
    10   10   5.237605192686530E+004   3.187464769813476E+009   5.237605192686530E+004
  </DiscreteSampler_grid>
