 -0.00614548879403655  0.03490173806657818  0.06013576498670452  0.07977462691382370
  0.09672688592192363  0.11210296560778991  0.12628683703925189  0.13961420090953133
  0.15217138398868671  0.16423213548156868  0.17576126043182161  0.18698597393222341
  0.19777913755696475  0.20834612999754745  0.21856144447642073  0.22860659709169992
  0.23839077074038267  0.24803901193584821  0.25748006933099288  0.26677895503463733
  0.27591976886066671  0.28493851512505830  0.29385060397529816  0.30264699969596431
  0.31135920270994250  0.31995957878725900  0.32848121730883667  0.33691913219083047
  0.34526610710478595  0.35356109120815260  0.36178301366899124  0.36996151735276001
  0.37809158514992475  0.38616480099915879  0.39419652417123940  0.40217223610686292
  0.41011290392751443  0.41802302617854054  0.42589907288313800  0.43375085248611572
  0.44157906204100916  0.44938621141438206  0.45717699771021197  0.46495357031904661
  0.47271863720300733  0.48048224203256057  0.48823644747550127  0.49598200267859438
  0.50371989610777024  0.51146400105141743  0.51921227310058005  0.52697666907099361
  0.53474440434159931  0.54252185893101046  0.55031547671754322  0.55812723003201370
  0.56596207608672222  0.57381790517727616  0.58168928246675211  0.58959304330976048
  0.59753368047302580  0.60551112806647067  0.61354546132125298  0.62161067327428099
  0.62971441353158020  0.63787164576651179  0.64607423310495082  0.65435999784589605
  0.66270260274553816  0.67112736518596772  0.67963955837863343  0.68823267191649173
  0.69693395286185966  0.70572675028160936  0.71463519860992886  0.72366317389000512
  0.73281440722195335  0.74212450773823102  0.75156228817311166  0.76120769320222503
  0.77099534875410225  0.78105144354588596  0.79127199572708895  0.80182477359842874
  0.81260108146154109  0.82379728375671102  0.83530602169522894  0.84735506575655628
  0.85989742064673746  0.87318385949953470  0.88731536844919212  0.90263008235047082
  0.91951353268554337  0.93908302926611831  0.96430598123570344  1.00000000000000000
 -0.00260656968801978  0.00968277183156675  0.01993343125258694  0.03053292290210085
  0.04108715125551818  0.05162617781577876  0.06211584358230751  0.07263776141955719
  0.08320679211175755  0.09373398731480373  0.10421947793310454  0.11464969679280747
  0.12510849810445157  0.13557626118518956  0.14601256148475178  0.15641603242899974
  0.16685166967257617  0.17723862331355808  0.18762808394413621  0.19808461954538320
  0.20861726672473069  0.21914986676626741  0.22962658538667644  0.24012861835941293
  0.25065125487249362  0.26133812542455059  0.27207300591611416  0.28284696947499915
  0.29350057239633037  0.30412232591349658  0.31470573265761170  0.32518198106355251
  0.33562507487597082  0.34610988799195125  0.35660534772414315  0.36711414425259015
  0.37763130810795476  0.38811249004663095  0.39856526719725771  0.40908911975151191
  0.41964515311359957  0.43023906155553404  0.44077632114499210  0.45137831929988304
  0.46191079375290073  0.47236195896659167  0.48285084651171151  0.49326549326390629
  0.50360016968182231  0.51392217332175072  0.52435862027929381  0.53491108974188428
  0.54543580732908181  0.55604148213858162  0.56668867715173055  0.57735888939176194
  0.58788941969987352  0.59836113875918606  0.60889847623866578  0.61948088825926562
  0.63005687520397691  0.64056032585106648  0.65111039847282037  0.66165682457196606
  0.67222666586745883  0.68280376380036067  0.69345535670044978  0.70410417981795537
  0.71474941010010618  0.72536784526223885  0.73596291175341111  0.74651017569740563
  0.75700437523571973  0.76750000736030466  0.77797399206565165  0.78843523199946131
  0.79893459867695760  0.80947481246738962  0.81994818044809248  0.83040859242232590
  0.84096128082443788  0.85159835392943029  0.86211734521638617  0.87264891398946498
  0.88329979673233194  0.89398698359433693  0.90448635461010018  0.91502327836163511
  0.92561960648608499  0.93629722605226218  0.94687208429534486  0.95749166687933251
  0.96808274345066103  0.97866301362860075  0.98929678248015973  1.00000000000000000
   6.9777689188776906E-009  -1.0000000000000000     
 F F F F F F F F
  <DiscreteSampler_grid>
  grouped_processes
  1 # 1 for a reference and 2 for a running grid.
  10 # Attribute 'min_bin_probing_points' of the grid.
  1 # Attribute 'grid_mode' of the grid. 1=='default',2=='initialization'
  0.0000000000000000 # Attribute 'small_contrib_threshold' of the grid.
  0.5000000000000000 # Attribute 'damping_power' of the grid.
 # binID   n_entries weight   weight_sqr   abs_weight
    10   10   5.380270896050596E+004   3.241137035989769E+009   5.380270896050596E+004
  </DiscreteSampler_grid>
