 -0.00654006208422384  0.03515939529525966  0.06030628857076373  0.07992516351753140
  0.09686596850808203  0.11222968908616775  0.12640581599150982  0.13972846933392885
  0.15228748656383423  0.16436967189721352  0.17590339402499891  0.18711604936837814
  0.19789497203701184  0.20845735605492086  0.21868188366137314  0.22874463820752511
  0.23853591530904300  0.24818549710183183  0.25761899972015911  0.26692475367336715
  0.27607100770384291  0.28509542514208364  0.29399934379941195  0.30278522517314793
  0.31148209139414740  0.32007562423257635  0.32858952945562631  0.33701473267576987
  0.34534822767096524  0.35363056672287163  0.36184456760287670  0.37001650766345717
  0.37813551109106996  0.38619973851303901  0.39422669895621854  0.40220283995646433
  0.41014523455214030  0.41805515415243322  0.42592976873858635  0.43378138936322314
  0.44161058906873890  0.44942069597346251  0.45721530399833182  0.46499295848350364
  0.47275243206139195  0.48049682159213575  0.48823157684121493  0.49596711835790364
  0.50371087783008972  0.51145682600578779  0.51920688152532968  0.52696699177472317
  0.53473453305663876  0.54251200367987251  0.55030377139400855  0.55811341949739024
  0.56594583639306617  0.57380400657971076  0.58168684193581899  0.58960392163773301
  0.59755427897294666  0.60553724123578367  0.61356959961810009  0.62163651698461364
  0.62975408715612158  0.63792303911989712  0.64614038903102444  0.65443386868977738
  0.66278246570202315  0.67121072385857117  0.67971685397114723  0.68830390852767731
  0.69700023769268971  0.70579421310209944  0.71470469637789891  0.72373217275276325
  0.73287091830253293  0.74216669791281531  0.75159220670038063  0.76123418439474566
  0.77102328993954661  0.78108017533098717  0.79130013662517651  0.80184998714386924
  0.81262528621083985  0.82383895982169875  0.83536907439810759  0.84743290170583263
  0.85997703897941991  0.87325373470846956  0.88738380811758999  0.90271134599235803
  0.91963135673863505  0.93919480255136578  0.96440149450006374  1.00000000000000000
 -0.00241114085157535  0.00955110451015146  0.01979563003023136  0.03039166906672932
  0.04100373090672794  0.05157263088204059  0.06209130897224257  0.07256542830007595
  0.08302879270051167  0.09347120674353546  0.10391760209738501  0.11453898634705284
  0.12509607650946714  0.13564886249000668  0.14610989490129928  0.15673709238720743
  0.16730611605778639  0.17777949911519511  0.18824723919711606  0.19880768461489301
  0.20942103943340146  0.21990508912761886  0.23040855070058433  0.24089908823610640
  0.25139847560445239  0.26194546360476378  0.27253743548458964  0.28310028733531645
  0.29353476886857233  0.30396291738860182  0.31445416096295797  0.32492443039838798
  0.33549006441684087  0.34616553165050523  0.35690594115442531  0.36751738145218965
  0.37811188201249701  0.38875293060281096  0.39932942483399425  0.40988621548408954
  0.42044957876366429  0.43115275930557012  0.44182965388096562  0.45256730509548460
  0.46337809944932862  0.47408673379488314  0.48461921958140786  0.49499175486643548
  0.50542063559253159  0.51595171955958408  0.52645200433320460  0.53700832918342800
  0.54754058895196045  0.55808900402212414  0.56851560360145637  0.57892126637833929
  0.58940706009900112  0.59988675916280587  0.61032859329482525  0.62075394974665543
  0.63129683067647024  0.64180414650245943  0.65229249999082051  0.66278271456211846
  0.67335192017409262  0.68395140850359004  0.69443483027233199  0.70491101323535343
  0.71540541690722537  0.72586082815832464  0.73637218147725003  0.74685177702962191
  0.75740255979686366  0.76793241770046494  0.77853605739268672  0.78921021268368141
  0.79972551726279251  0.81025027991332421  0.82078215194321036  0.83137779446108895
  0.84191305514427395  0.85234813583107794  0.86295085980650255  0.87356926586778338
  0.88421007481190472  0.89483919582447147  0.90536473599279421  0.91593645121200296
  0.92647698499405351  0.93698033488770116  0.94749414680211430  0.95797620362425639
  0.96847778657328742  0.97900656467801483  0.98946121573212908  1.00000000000000000
   5.7797124173631692E-009  -1.0000000000000000     
 F F F F F F F F
  <DiscreteSampler_grid>
  grouped_processes
  1 # 1 for a reference and 2 for a running grid.
  10 # Attribute 'min_bin_probing_points' of the grid.
  1 # Attribute 'grid_mode' of the grid. 1=='default',2=='initialization'
  0.0000000000000000 # Attribute 'small_contrib_threshold' of the grid.
  0.5000000000000000 # Attribute 'damping_power' of the grid.
 # binID   n_entries weight   weight_sqr   abs_weight
    10   10   6.416810940054699E+004   4.552903305386692E+009   6.416810940054699E+004
  </DiscreteSampler_grid>
