 -0.00633342641264803  0.03545861442803536  0.06068198505286568  0.08024844194393670
  0.09714134711017379  0.11247350942552584  0.12663277664848757  0.13993624157785678
  0.15251502963823932  0.16459321494889245  0.17613052224372874  0.18734580648897806
  0.19814243421935426  0.20871600293516560  0.21894334091465179  0.22899682542622762
  0.23877965389653910  0.24841934833553361  0.25784694635412242  0.26714570734621884
  0.27628515508801338  0.28530467979655461  0.29420121498412888  0.30297837087953150
  0.31166870884033915  0.32025874501176094  0.32877561617517398  0.33721156416460468
  0.34556248437476444  0.35385709001633325  0.36207708659053589  0.37024844750027913
  0.37836761531721086  0.38643210768607733  0.39445761812116215  0.40243157578686051
  0.41037260096725903  0.41828272141310208  0.42616210166293567  0.43401994184870885
  0.44185417851224879  0.44966647059505493  0.45745836936442896  0.46523318597509322
  0.47299616405501610  0.48075304903443178  0.48849570819189936  0.49623222006975792
  0.50396978115076696  0.51171872193128887  0.51947012926316205  0.52722684705202982
  0.53498577056052998  0.54276086690571701  0.55055645152674249  0.55837322130094169
  0.56621159316051395  0.57406754155824502  0.58193684770200160  0.58983209748319743
  0.59775824719500659  0.60572127412031818  0.61373957228670861  0.62179566591426094
  0.62990822090212173  0.63807631849732338  0.64629406891333618  0.65458281878465296
  0.66292573593141391  0.67135538878433954  0.67987396203115924  0.68846693184105678
  0.69716066566227730  0.70594095978945115  0.71483770740141683  0.72385105872774802
  0.73298581971951438  0.74227669537683505  0.75170310729291911  0.76133249967477901
  0.77111035943613015  0.78115883679880505  0.79139627690226955  0.80196970763902664
  0.81277201569754198  0.82397994418005427  0.83551017034310304  0.84756347793929343
  0.86011307060291498  0.87339164652338208  0.88754018059974571  0.90288227954771261
  0.91978302972267567  0.93927268367124572  0.96438357442436728  1.00000000000000000
 -0.00263192945454563  0.00982264423748646  0.02015062506080259  0.03056868494611082
  0.04092955313226470  0.05132940431646606  0.06174450112516994  0.07212647748170292
  0.08244158095519591  0.09291611305141600  0.10338860213005617  0.11385269115334330
  0.12425787568826274  0.13466382252912487  0.14515338108630227  0.15561054042909309
  0.16616578837999987  0.17664439324275058  0.18718770257424794  0.19771660608265074
  0.20824200314140456  0.21886864819230714  0.22954060243350188  0.24026523474540815
  0.25096639669294279  0.26164928572057389  0.27218983637439537  0.28265324252371710
  0.29307726358134661  0.30351837172541990  0.31398482895893703  0.32456296000567475
  0.33516576565157047  0.34582237236075641  0.35638568224340234  0.36698240845013397
  0.37749906438273567  0.38801809109789753  0.39849920541743278  0.40898192818464041
  0.41947391830357084  0.42993611043694852  0.44039250914230532  0.45083077084380518
  0.46131660441148459  0.47178186291094493  0.48217947835307690  0.49259894193567877
  0.50308829009324474  0.51362186700547230  0.52416699113911203  0.53465904154839239
  0.54519935329153979  0.55581751325650819  0.56640183432797042  0.57699632758763386
  0.58751640194789012  0.59806079356212005  0.60860244598215429  0.61911814757335648
  0.62967209375868316  0.64024429199930044  0.65090828561636527  0.66153806326580222
  0.67203266895553659  0.68253431069656778  0.69304457621680182  0.70360099765588902
  0.71426216299010092  0.72496269031824023  0.73564635881359142  0.74621289369535826
  0.75681526157839052  0.76745445013864833  0.77799707734599066  0.78851688728173419
  0.79915029095493528  0.80982047243715405  0.82041033947652342  0.83095904232860696
  0.84142445985063730  0.85203699188891446  0.86258189965106791  0.87316069115323081
  0.88360531998439606  0.89413452140763905  0.90469571495612289  0.91534642763710283
  0.92589933629234844  0.93651696936464179  0.94711709053191351  0.95777085538968298
  0.96841258868045710  0.97896417265715252  0.98948716161835826  1.00000000000000000
   4.8692214079044816E-009  -1.0000000000000000     
 F F F F F F F F
  <DiscreteSampler_grid>
  grouped_processes
  1 # 1 for a reference and 2 for a running grid.
  10 # Attribute 'min_bin_probing_points' of the grid.
  1 # Attribute 'grid_mode' of the grid. 1=='default',2=='initialization'
  0.0000000000000000 # Attribute 'small_contrib_threshold' of the grid.
  0.5000000000000000 # Attribute 'damping_power' of the grid.
 # binID   n_entries weight   weight_sqr   abs_weight
    10   10   5.279906488846648E+004   2.863092420187821E+009   5.279906488846648E+004
  </DiscreteSampler_grid>
