 -0.00649043375230544  0.03518474352070727  0.06035331702896841  0.07990139759507980
  0.09682019450520936  0.11217795766539911  0.12635883730222355  0.13968765484094728
  0.15225425563081910  0.16431689233622809  0.17584321217004756  0.18705399957644189
  0.19783600172321039  0.20839271251347069  0.21861490613627996  0.22867272877600658
  0.23846926085056108  0.24812750567503222  0.25758060193744031  0.26689894124011881
  0.27604866526568250  0.28507060444125681  0.29397260569300393  0.30275869510816655
  0.31145801837531112  0.32005073490592517  0.32857169468482456  0.33701063404254933
  0.34536751810695959  0.35366617021897662  0.36188676146501142  0.37005998669258822
  0.37818103238113887  0.38625202344559179  0.39428507546550517  0.40226384944585236
  0.41020961617047619  0.41812497714297059  0.42600785194026108  0.43386545200207072
  0.44169314728780051  0.44949795654055213  0.45728510700914132  0.46506166568774732
  0.47282806349754497  0.48058855650804150  0.48833011650824648  0.49606993586518516
  0.50380818145742801  0.51155521975300655  0.51930507801838366  0.52706671755350276
  0.53483957292900774  0.54262270538405011  0.55041587720641227  0.55821987524152783
  0.56604332639314903  0.57389342645848440  0.58176943714107276  0.58968359890233701
  0.59763693525749417  0.60562239386777006  0.61365216002233069  0.62171284503915936
  0.62982118942543774  0.63798771430196222  0.64619504324185006  0.65447801941043460
  0.66281265758139996  0.67123425674942294  0.67974301602650933  0.68832630420003382
  0.69701404671671718  0.70578653898433130  0.71467928920797807  0.72369674814517915
  0.73284048362259246  0.74214506698926930  0.75157087062033767  0.76121651841436011
  0.77100555537848858  0.78106627345155255  0.79128680803811335  0.80184754221231880
  0.81263122287102896  0.82383718746288459  0.83534823381133505  0.84739309935977269
  0.85993064072752656  0.87320259653898069  0.88733280786173330  0.90266891849722131
  0.91958277943557876  0.93912426288254025  0.96430079574859662  1.00000000000000000
 -0.00245655480388129  0.00936055028790319  0.01928026606857739  0.02958010578135725
  0.03993916398859001  0.05045259677013027  0.06103213089725146  0.07148012423666582
  0.08193234330525824  0.09247280415932826  0.10303380291165878  0.11359943707051974
  0.12414031943106178  0.13481171059581767  0.14546188729846091  0.15601408027730782
  0.16658659946724161  0.17708564660303697  0.18763083692878860  0.19802397236902783
  0.20844963160368568  0.21890504527257756  0.22940176745180046  0.23985647743759325
  0.25028655709616920  0.26072557352857750  0.27115679663583642  0.28163960404486105
  0.29212726893517282  0.30272071743569040  0.31329294148828241  0.32405723756944732
  0.33485510082007419  0.34576450631126893  0.35657415401150089  0.36730946995729158
  0.37792096295863953  0.38854862172810051  0.39903820404590690  0.40939843345075522
  0.41975132404240423  0.43020575082785611  0.44072573827417799  0.45123319485488750
  0.46185998250886839  0.47258204788002933  0.48316961459697100  0.49373066438436847
  0.50426441017124990  0.51496522314755977  0.52562191576142536  0.53629854664152687
  0.54690995156582989  0.55739666521933751  0.56790336977828160  0.57834668202381834
  0.58885989499308511  0.59931675802536399  0.60986107665540568  0.62045685299157782
  0.63099331079105003  0.64157874782278546  0.65210665778022325  0.66275129705492730
  0.67332323557162832  0.68394998173426602  0.69454474712509162  0.70508185606122942
  0.71556507683774528  0.72599797818722911  0.73647924521665009  0.74702162427998109
  0.75755215787316854  0.76808662468401390  0.77860545694832084  0.78908543826544864
  0.79967565495721882  0.81025490939985789  0.82093062258360439  0.83151822558515720
  0.84207731682595210  0.85263589291509723  0.86315671686475803  0.87367979946956353
  0.88424598752726702  0.89475870461760809  0.90526869503233154  0.91571167691133160
  0.92618652140857793  0.93669361849825272  0.94715828266289803  0.95763092088161728
  0.96820224930975296  0.97880052353751945  0.98940939666172290  1.00000000000000000
   7.9492516442509507E-008  -1.0000000000000000     
 F F F F F F F F
  <DiscreteSampler_grid>
  grouped_processes
  1 # 1 for a reference and 2 for a running grid.
  10 # Attribute 'min_bin_probing_points' of the grid.
  1 # Attribute 'grid_mode' of the grid. 1=='default',2=='initialization'
  0.0000000000000000 # Attribute 'small_contrib_threshold' of the grid.
  0.5000000000000000 # Attribute 'damping_power' of the grid.
 # binID   n_entries weight   weight_sqr   abs_weight
    10   10   2.883221883214239E+005   1.063601511211270E+011   2.883221883214239E+005
  </DiscreteSampler_grid>
