 -0.00626996787718593  0.03523405427709561  0.06044896212266563  0.08004469469246131
  0.09697604327735805  0.11232831168490845  0.12647868491208397  0.13978815300327005
  0.15236258245383399  0.16444852255242462  0.17599089649219926  0.18721329118312013
  0.19800504081418971  0.20855892437463266  0.21877803762202430  0.22883047293295697
  0.23862089774521608  0.24826864594694042  0.25770557539765249  0.26700947484294379
  0.27615371920478238  0.28517325849522657  0.29407509079365729  0.30285736031991101
  0.31154949515707980  0.32013803069418117  0.32864936894478569  0.33707829598519590
  0.34541520922952429  0.35369883757637238  0.36191001201077883  0.37007932144034122
  0.37819257236663539  0.38625145575749337  0.39427396082434440  0.40225156817806540
  0.41019675379895454  0.41810869953125140  0.42598789354178507  0.43384617257890118
  0.44168205419138457  0.44949281736798768  0.45728470756579442  0.46505888547323243
  0.47281793089117718  0.48057433143753320  0.48831060208805643  0.49605129294033629
  0.50378905173265820  0.51153831961850171  0.51929203059051354  0.52705122732057219
  0.53481668095862767  0.54259252633187915  0.55038382049428447  0.55819346520948765
  0.56602736677951004  0.57388711954344462  0.58176930096078150  0.58968621469062288
  0.59763735645789962  0.60562002814333549  0.61364725323908276  0.62170351276307878
  0.62981242213904043  0.63797566755364010  0.64619334405957485  0.65448541634834778
  0.66283766509284181  0.67126767965615053  0.67977270951212321  0.68835166429072359
  0.69704013254794517  0.70582598279303577  0.71472902262615901  0.72374870857943518
  0.73289066509878265  0.74219346183353452  0.75162318822385465  0.76126460701034449
  0.77104955500685990  0.78111093808033683  0.79133824972738731  0.80189682879086532
  0.81267800374035570  0.82389101699205858  0.83542301417106890  0.84749184395777921
  0.86004600039198942  0.87335570588973477  0.88751055845851290  0.90284401362150990
  0.91973635708121115  0.93925845598706281  0.96445244284847775  1.00000000000000000
 -0.00250551430710908  0.00958592357527270  0.01982535329810746  0.03041354171685245
  0.04108857402120260  0.05169410875563132  0.06226181708128098  0.07277066836114533
  0.08324051414321330  0.09378176158555933  0.10429708242383418  0.11498958275537921
  0.12564755292081484  0.13636552144850048  0.14706340019843919  0.15774488715733895
  0.16837693803107612  0.17910851429338742  0.18979404921095888  0.20056756973334702
  0.21128122024177248  0.22193764178764877  0.23249121875563081  0.24293951225679189
  0.25339727636072212  0.26391283847864377  0.27442849950739484  0.28492447055651410
  0.29539981529068299  0.30586021185776208  0.31640128371288173  0.32698105988238052
  0.33767307270174496  0.34840743247350198  0.35903598249231644  0.36967850925461881
  0.38024970393469343  0.39080245986597634  0.40132403010417306  0.41177743553544294
  0.42226182648155308  0.43272329134545434  0.44325547146919292  0.45383073877018221
  0.46433841666424941  0.47481697670881379  0.48534345533469880  0.49593618400986078
  0.50653563760077636  0.51704457313371643  0.52746069142667740  0.53786297447212339
  0.54830992500818809  0.55883707876319277  0.56924789296035228  0.57967010055401846
  0.59012613174792283  0.60058260358307014  0.61100024346493553  0.62141102702895967
  0.63189888956260387  0.64240509543665569  0.65285624354343696  0.66339841649007181
  0.67390538248856247  0.68442278157665193  0.69493596283704240  0.70532824498157132
  0.71588293664808000  0.72641907341409662  0.73713170842722453  0.74774489068407768
  0.75830654028226419  0.76878436210566004  0.77924916212921735  0.78975927895589071
  0.80033731142242193  0.81084928148307323  0.82137680602396246  0.83177322488258920
  0.84223046193076712  0.85263595107110801  0.86313365912989737  0.87365059494458663
  0.88422471316969475  0.89478832800482966  0.90532176404509723  0.91586213657684479
  0.92647892670211474  0.93703603380738354  0.94754746731954753  0.95809202017302697
  0.96866931377561505  0.97923937362230806  0.98966852523623539  1.00000000000000000
   7.9303986566439912E-008  -1.0000000000000000     
 F F F F F F F F
  <DiscreteSampler_grid>
  grouped_processes
  1 # 1 for a reference and 2 for a running grid.
  10 # Attribute 'min_bin_probing_points' of the grid.
  1 # Attribute 'grid_mode' of the grid. 1=='default',2=='initialization'
  0.0000000000000000 # Attribute 'small_contrib_threshold' of the grid.
  0.5000000000000000 # Attribute 'damping_power' of the grid.
 # binID   n_entries weight   weight_sqr   abs_weight
    10   10   3.588608783605293E+005   1.377465547162045E+011   3.588608783605293E+005
  </DiscreteSampler_grid>
