 -0.00640926642811416  0.03498073359216759  0.06014077770479705  0.07976157716507588
  0.09669438379637120  0.11204865117918875  0.12622114019881228  0.13954306532430144
  0.15210136110820086  0.16416578944350507  0.17570011533203275  0.18691873395960990
  0.19772203309362008  0.20830033454234945  0.21854071720619378  0.22860930261130810
  0.23841058135138554  0.24807171663858926  0.25751850129508086  0.26682349114835668
  0.27596504257779741  0.28497987259995206  0.29388771186437812  0.30267665428836116
  0.31137790579520036  0.31997324696960633  0.32849085635731828  0.33691734258384171
  0.34525490863785746  0.35354299499597830  0.36176829401836130  0.36994324933551925
  0.37805601917366821  0.38610370287593959  0.39411747130255070  0.40208714100878234
  0.41002845351169837  0.41793983440792321  0.42581654128749746  0.43367103881878172
  0.44150440924567996  0.44931786632676235  0.45711563730535404  0.46489773848105143
  0.47266154557024309  0.48041974455935915  0.48816502425096114  0.49591144444163510
  0.50365138101948015  0.51139362686707546  0.51913929999249142  0.52689780215571203
  0.53466520314176647  0.54244788199306604  0.55024552111052605  0.55805967777608112
  0.56589543490262217  0.57375427232871501  0.58163358559578271  0.58954524121900431
  0.59748632684340619  0.60545707438671981  0.61347949685215242  0.62153140247717298
  0.62963620153630329  0.63779759815614057  0.64601419524410153  0.65431555864084934
  0.66267014471408026  0.67110294555771821  0.67961777300253301  0.68820418789439886
  0.69689779970216559  0.70567555155428530  0.71457617027221254  0.72359774371114172
  0.73273817695503174  0.74203965160807406  0.75147133434948266  0.76112262508765904
  0.77091269070636481  0.78096794172766615  0.79118657444470364  0.80174334497522048
  0.81252578044614543  0.82373586104889984  0.83526504596548501  0.84733190884033194
  0.85988398597902360  0.87317648154864635  0.88733495968752718  0.90269962822932426
  0.91963723263787700  0.93919463778024703  0.96438688219306712  1.00000000000000000
 -0.00259785720652528  0.00977318951431209  0.02014294529764215  0.03076466034352470
  0.04144021611381610  0.05206750917857628  0.06267110809053368  0.07316446712010367
  0.08368385793102866  0.09415160940472724  0.10467077045659852  0.11523728206243940
  0.12581778499643001  0.13647941599306709  0.14718153159926442  0.15786595719676866
  0.16854480459729915  0.17905363955986811  0.18957162232247912  0.19995283089843199
  0.21042895998296413  0.22099431193206293  0.23159439853543573  0.24213324482724274
  0.25268013824529062  0.26320348211775918  0.27380271079129964  0.28437189223400117
  0.29494518559800353  0.30545109296497525  0.31592226892190556  0.32646728954636400
  0.33702174529371887  0.34753036454199604  0.35800141606480740  0.36844035078230020
  0.37898956900958297  0.38962131749489815  0.40030354296563547  0.41092113610673608
  0.42154415637778470  0.43212582578313929  0.44272820951280123  0.45335707718172430
  0.46397184998460389  0.47457662889719521  0.48517205877778163  0.49575984993400546
  0.50631753861219708  0.51687186206642421  0.52743639600565739  0.53798607480803640
  0.54849384115040434  0.55900319555864209  0.56946656896310821  0.57993011275097928
  0.59052026468574370  0.60105731716957445  0.61153100113004932  0.62188825404099279
  0.63243021804639277  0.64294465954383440  0.65356295890740068  0.66407270542286045
  0.67455532828135101  0.68506362056268066  0.69563589606002785  0.70630928486383793
  0.71689710173633314  0.72739020220679207  0.73793373268338025  0.74847229147008487
  0.75898722772618876  0.76943111542909515  0.77992412986887105  0.79046924109753058
  0.80090439115231515  0.81133178462776623  0.82171310481351145  0.83214032480116207
  0.84251632776145180  0.85291097935926985  0.86340515513003491  0.87399353654432055
  0.88457667774165261  0.89517731053221250  0.90571017291202616  0.91626679719072435
  0.92678907751750927  0.93732192257864988  0.94778021684566427  0.95828716800333569
  0.96864849664971797  0.97913993482682937  0.98954117502564842  1.00000000000000000
   4.1073501259452287E-009  -1.0000000000000000     
 F F F F F F F F
  <DiscreteSampler_grid>
  grouped_processes
  1 # 1 for a reference and 2 for a running grid.
  10 # Attribute 'min_bin_probing_points' of the grid.
  1 # Attribute 'grid_mode' of the grid. 1=='default',2=='initialization'
  0.0000000000000000 # Attribute 'small_contrib_threshold' of the grid.
  0.5000000000000000 # Attribute 'damping_power' of the grid.
 # binID   n_entries weight   weight_sqr   abs_weight
    10   10   4.349544132819228E+004   2.086169852906200E+009   4.349544132819228E+004
  </DiscreteSampler_grid>
