 -0.00656189517745814  0.03504854737273744  0.06022929371202872  0.07985602042785617
  0.09681382034023098  0.11217883605136690  0.12634445398678273  0.13965262144705884
  0.15221254807637202  0.16427991794534744  0.17580845722844460  0.18702465640821644
  0.19782030817335844  0.20839131004099562  0.21860731868528793  0.22865707827602161
  0.23844466005549125  0.24809664661544262  0.25754072130775035  0.26685089165135872
  0.27599915765580546  0.28502250431406889  0.29393107874182639  0.30272020752974993
  0.31141790572959022  0.32000690679641169  0.32851695541161807  0.33694832032969102
  0.34529619950428081  0.35359488711808751  0.36181644792054019  0.36998869803555706
  0.37810568782689102  0.38617246070814332  0.39420191671448307  0.40218167225057821
  0.41012765491892988  0.41804060885170319  0.42591733885711192  0.43376881466172384
  0.44159680714861216  0.44940382906030762  0.45719488851730716  0.46496945128487915
  0.47273227586576244  0.48048765844134878  0.48823674248494975  0.49597071929805914
  0.50370145752874673  0.51143252598858613  0.51917746686554112  0.52694016087234363
  0.53470703293481570  0.54248704915360701  0.55028249232157722  0.55809576479828826
  0.56593000579600095  0.57378409325203072  0.58165823641207015  0.58956644557500404
  0.59750551588334622  0.60547269212469490  0.61348564123842408  0.62153050754182626
  0.62963397053299419  0.63779539796326379  0.64601091373260344  0.65430633913824965
  0.66264808458409863  0.67107363552256516  0.67958142063879423  0.68817224780171704
  0.69686449282785923  0.70564647889313659  0.71454657480647621  0.72357118622674454
  0.73271420605398430  0.74201429779732109  0.75143656421652527  0.76106830369351464
  0.77082469247958629  0.78085473551331686  0.79104783372420728  0.80159839103104102
  0.81236614733112067  0.82357221522252744  0.83508361287312338  0.84714547543882646
  0.85969154115873347  0.87299161162858008  0.88711371659769678  0.90240348804259773
  0.91923108760901484  0.93869881729961180  0.96384217254108884  1.00000000000000000
 -0.00243141845501781  0.00960880507698777  0.01972642638997319  0.03027850205169305
  0.04085496401566477  0.05143019707117454  0.06202456001309619  0.07248653297194273
  0.08291449087733106  0.09335429558651206  0.10378487417111214  0.11428387877501701
  0.12467850151039940  0.13532055799078704  0.14598121150154172  0.15662313483605608
  0.16721585874367345  0.17764623921473083  0.18815930728639890  0.19855058781539742
  0.20907304544172581  0.21959551253901671  0.23014719848736082  0.24077822611778965
  0.25128786959298705  0.26174181970319260  0.27218667967107502  0.28269245418337219
  0.29318883959259734  0.30352823485103486  0.31394772393692294  0.32446645757811021
  0.33497107586246277  0.34544236067807443  0.35593012300331411  0.36667667887942473
  0.37739771488470553  0.38808450298007979  0.39880375980290633  0.40944745614440597
  0.42006608547430019  0.43054497074878928  0.44109887403728648  0.45155336914706579
  0.46200608585720576  0.47245816016230369  0.48288707957208116  0.49335635730055477
  0.50375505991053182  0.51426700765452715  0.52471764616913930  0.53523503571143671
  0.54571665040560391  0.55615853503554713  0.56665720358332594  0.57714186137370715
  0.58758231605507916  0.59799937185281637  0.60853341408592188  0.61928346245977361
  0.63002066506446164  0.64070489762221916  0.65139574044540183  0.66213219965606729
  0.67280930642272674  0.68342960553842802  0.69386642611174187  0.70433373637048091
  0.71485362673150998  0.72538839522826037  0.73592125662824992  0.74634405070911103
  0.75691786077443957  0.76740747626069428  0.77792374939265030  0.78827274919888346
  0.79880169625232844  0.80930194381955756  0.81983323423965804  0.83026025361389222
  0.84073251914963376  0.85124194003176201  0.86176913660793508  0.87229578090306426
  0.88279078021157031  0.89320145134686746  0.90376099195909143  0.91443420297223743
  0.92525589441382761  0.93606873004662727  0.94682044279616784  0.95748128940435895
  0.96802196972676235  0.97863250806801760  0.98928753039488149  1.00000000000000000
   7.6453351567745239E-008  -1.0000000000000000     
 F F F F F F F F
  <DiscreteSampler_grid>
  grouped_processes
  1 # 1 for a reference and 2 for a running grid.
  10 # Attribute 'min_bin_probing_points' of the grid.
  1 # Attribute 'grid_mode' of the grid. 1=='default',2=='initialization'
  0.0000000000000000 # Attribute 'small_contrib_threshold' of the grid.
  0.5000000000000000 # Attribute 'damping_power' of the grid.
 # binID   n_entries weight   weight_sqr   abs_weight
    10   10   2.431039489306650E+005   6.639946248361729E+010   2.431039489306650E+005
  </DiscreteSampler_grid>
