 -0.00606381516863076  0.03410509458123527  0.05938261293539320  0.07913805822822612
  0.09615020393956769  0.11155339735399622  0.12575811809357645  0.13910577104303526
  0.15172837959369179  0.16385569962439056  0.17543949695999295  0.18667519556718831
  0.19748670020869771  0.20805934910452414  0.21829136128569432  0.22835671889641887
  0.23814625455319868  0.24778392980660352  0.25721609816928570  0.26653480353435527
  0.27570648482085963  0.28475390847099835  0.29367757888085771  0.30247300178665754
  0.31116418104344296  0.31974815036999904  0.32825274497462081  0.33668802232363976
  0.34503811165523224  0.35333726205145566  0.36155902916779359  0.36973025183418307
  0.37785332749165063  0.38592815457755003  0.39397331533724433  0.40197000899312518
  0.40993002256041056  0.41785976982394274  0.42575825586324434  0.43363747286245474
  0.44149072585920401  0.44931052786057235  0.45710908809179762  0.46489201317347284
  0.47266602055263884  0.48043778428611217  0.48819438915739038  0.49593826678710146
  0.50367336816335584  0.51141710170018573  0.51917809608182786  0.52695904205384503
  0.53474641828482661  0.54254617269347072  0.55035945236082462  0.55818101760930960
  0.56601541901793428  0.57386858454688749  0.58174774794924777  0.58966202027669901
  0.59760917458734419  0.60558754590459840  0.61360754915777616  0.62166599849504822
  0.62977192449234032  0.63794175336627146  0.64616906933039908  0.65447162611506382
  0.66283258587018279  0.67127335398989130  0.67979245787520881  0.68839326985231042
  0.69709929334639398  0.70588622227924869  0.71479247707553262  0.72380174561433663
  0.73294393174593886  0.74223683074187696  0.75167956114177281  0.76134301939939353
  0.77116045553305723  0.78123220070140920  0.79147229764389204  0.80203223461408613
  0.81282057193181700  0.82402192128252127  0.83557425230122861  0.84766544515234954
  0.86022965557671394  0.87349283948293344  0.88762799440757145  0.90297297514783237
  0.91991072156067699  0.93951077653515647  0.96467144405946881  1.00000000000000000
 -0.00266269271731776  0.00988998690917587  0.02034047938479772  0.03099851213337033
  0.04170856642961273  0.05233794402422249  0.06288187373253952  0.07334536122584302
  0.08391935476222258  0.09465159722184267  0.10544351440314138  0.11611987931125799
  0.12671818281166586  0.13721002886960768  0.14769102244253760  0.15824508685214084
  0.16874186660069562  0.17935306758459427  0.18988504116933230  0.20042619752191576
  0.21096021497212752  0.22156187816622269  0.23213884441184277  0.24254761115371917
  0.25304394604335445  0.26347197475474560  0.27382742834686341  0.28416909712532468
  0.29459213303665543  0.30523903725553442  0.31583898790742293  0.32653253363505602
  0.33718557719053804  0.34780509177491470  0.35834072277972540  0.36874367459624380
  0.37915039923603344  0.38959265031152440  0.40010289115589809  0.41056307394386482
  0.42093449443162712  0.43126721802194334  0.44175801905435153  0.45237437466031355
  0.46308873283000879  0.47363874676776624  0.48416571312919832  0.49467680003780612
  0.50529022498722298  0.51588449068887621  0.52655846149824659  0.53714020252635186
  0.54773535402070728  0.55828718159597479  0.56882925521704109  0.57944039451092555
  0.59008609766376718  0.60076913460916559  0.61129778618562269  0.62179323598270697
  0.63229577201961173  0.64287939137913286  0.65343748935160106  0.66376320651787390
  0.67410483252972886  0.68452058468330690  0.69511885039721533  0.70564349370866586
  0.71609964451645680  0.72645467991828738  0.73672294522089410  0.74692479662244371
  0.75723844346413582  0.76760004514568347  0.77800963955509217  0.78838831923277608
  0.79891537224333109  0.80937449146016738  0.82005188785546379  0.83062344742012606
  0.84129387112609944  0.85173353267891594  0.86231831097426936  0.87295651568600097
  0.88365100960764964  0.89423476395116885  0.90478150280454606  0.91537669689199330
  0.92626826304390164  0.93699238851529354  0.94749456115008002  0.95794017970685819
  0.96856115362551931  0.97917849209168928  0.98953934058614901  1.00000000000000000
   2.7824817632819378E-008  -1.0000000000000000     
 F F F F F F F F
  <DiscreteSampler_grid>
  grouped_processes
  1 # 1 for a reference and 2 for a running grid.
  10 # Attribute 'min_bin_probing_points' of the grid.
  1 # Attribute 'grid_mode' of the grid. 1=='default',2=='initialization'
  0.0000000000000000 # Attribute 'small_contrib_threshold' of the grid.
  0.5000000000000000 # Attribute 'damping_power' of the grid.
 # binID   n_entries weight   weight_sqr   abs_weight
    10   10   6.110625990535835E+004   4.384463859431692E+009   6.110625990535835E+004
  </DiscreteSampler_grid>
