 -0.00640926642811417  0.03498073359216759  0.06014077770479704  0.07976157716507590
  0.09669438379637120  0.11204865117918876  0.12622114019881228  0.13954306532430147
  0.15210136110820088  0.16416578944350507  0.17570011533203281  0.18691873395960990
  0.19772203309362010  0.20830033454234945  0.21854071720619378  0.22860930261130813
  0.23841058135138557  0.24807171663858926  0.25751850129508091  0.26682349114835674
  0.27596504257779741  0.28497987259995211  0.29388771186437812  0.30267665428836121
  0.31137790579520042  0.31997324696960644  0.32849085635731834  0.33691734258384176
  0.34525490863785757  0.35354299499597835  0.36176829401836136  0.36994324933551936
  0.37805601917366827  0.38610370287593970  0.39411747130255081  0.40208714100878246
  0.41002845351169848  0.41793983440792332  0.42581654128749757  0.43367103881878177
  0.44150440924568007  0.44931786632676241  0.45711563730535415  0.46489773848105154
  0.47266154557024320  0.48041974455935926  0.48816502425096125  0.49591144444163515
  0.50365138101948026  0.51139362686707546  0.51913929999249153  0.52689780215571214
  0.53466520314176658  0.54244788199306626  0.55024552111052616  0.55805967777608123
  0.56589543490262217  0.57375427232871501  0.58163358559578282  0.58954524121900442
  0.59748632684340630  0.60545707438672003  0.61347949685215253  0.62153140247717309
  0.62963620153630340  0.63779759815614079  0.64601419524410175  0.65431555864084956
  0.66267014471408037  0.67110294555771832  0.67961777300253323  0.68820418789439897
  0.69689779970216570  0.70567555155428541  0.71457617027221276  0.72359774371114194
  0.73273817695503185  0.74203965160807428  0.75147133434948288  0.76112262508765938
  0.77091269070636503  0.78096794172766637  0.79118657444470397  0.80174334497522082
  0.81252578044614576  0.82373586104890006  0.83526504596548534  0.84733190884033227
  0.85988398597902382  0.87317648154864669  0.88733495968752762  0.90269962822932470
  0.91963723263787744  0.93919463778024759  0.96438688219306790  1.00000000000000000
 -0.00259785720652528  0.00977318951431209  0.02014294529764215  0.03076466034352469
  0.04144021611381609  0.05206750917857627  0.06267110809053367  0.07316446712010365
  0.08368385793102863  0.09415160940472721  0.10467077045659846  0.11523728206243934
  0.12581778499642998  0.13647941599306701  0.14718153159926434  0.15786595719676857
  0.16854480459729909  0.17905363955986800  0.18957162232247901  0.19995283089843191
  0.21042895998296401  0.22099431193206281  0.23159439853543562  0.24213324482724261
  0.25268013824529051  0.26320348211775912  0.27380271079129942  0.28437189223400111
  0.29494518559800337  0.30545109296497513  0.31592226892190539  0.32646728954636389
  0.33702174529371876  0.34753036454199587  0.35800141606480723  0.36844035078229997
  0.37898956900958275  0.38962131749489792  0.40030354296563525  0.41092113610673586
  0.42154415637778453  0.43212582578313907  0.44272820951280106  0.45335707718172408
  0.46397184998460367  0.47457662889719504  0.48517205877778141  0.49575984993400524
  0.50631753861219686  0.51687186206642410  0.52743639600565706  0.53798607480803617
  0.54849384115040412  0.55900319555864175  0.56946656896310799  0.57993011275097917
  0.59052026468574337  0.60105731716957422  0.61153100113004910  0.62188825404099257
  0.63243021804639254  0.64294465954383417  0.65356295890740035  0.66407270542286012
  0.67455532828135079  0.68506362056268033  0.69563589606002751  0.70630928486383771
  0.71689710173633292  0.72739020220679174  0.73793373268337981  0.74847229147008454
  0.75898722772618843  0.76943111542909481  0.77992412986887061  0.79046924109753014
  0.80090439115231482  0.81133178462776578  0.82171310481351101  0.83214032480116162
  0.84251632776145136  0.85291097935926952  0.86340515513003457  0.87399353654432022
  0.88457667774165216  0.89517731053221228  0.90571017291202571  0.91626679719072401
  0.92678907751750883  0.93732192257864955  0.94778021684566383  0.95828716800333524
  0.96864849664971753  0.97913993482682893  0.98954117502564787  1.00000000000000000
   4.3540591511948736E-008  -1.0000000000000000     
 F F F F F F F F
  <DiscreteSampler_grid>
  grouped_processes
  1 # 1 for a reference and 2 for a running grid.
  10 # Attribute 'min_bin_probing_points' of the grid.
  1 # Attribute 'grid_mode' of the grid. 1=='default',2=='initialization'
  0.0000000000000000 # Attribute 'small_contrib_threshold' of the grid.
  0.5000000000000000 # Attribute 'damping_power' of the grid.
 # binID   n_entries weight   weight_sqr   abs_weight
    10   10   5.289103522794073E+005   3.084795058542274E+011   5.289103522794073E+005
  </DiscreteSampler_grid>
