 -0.00647820150576826  0.03525893003637017  0.06041160800534247  0.07997189415826905
  0.09689144916309148  0.11222113283102619  0.12638306803032343  0.13970686884297079
  0.15228818972043315  0.16436944932168579  0.17591012581370036  0.18713255259843395
  0.19792641031098479  0.20849512981916998  0.21872840022958037  0.22879267383168769
  0.23858412140474017  0.24823361490142001  0.25766967215935566  0.26697907194350246
  0.27612084494380634  0.28513247937951208  0.29402847331116866  0.30280958315619283
  0.31150719152876061  0.32009538293279649  0.32860812059041405  0.33704323211405529
  0.34539249502743996  0.35368107145208882  0.36188813631468486  0.37004782992846652
  0.37815467861109320  0.38621034539860055  0.39422803343841117  0.40220054958301588
  0.41014624115314746  0.41806196030633752  0.42594393988228796  0.43380295289250759
  0.44163565225764378  0.44944290499120559  0.45723059716508041  0.46500126249093421
  0.47275657974880453  0.48051331975950101  0.48826219676567273  0.49601476967305752
  0.50376423203772003  0.51150834761158515  0.51925718941392118  0.52701600097272350
  0.53478157228736833  0.54255923646258075  0.55035354897727118  0.55816745970113457
  0.56600507598709937  0.57386649243392174  0.58174834370395700  0.58966164113519504
  0.59760768260049124  0.60558553022074968  0.61361243643395291  0.62167458126254060
  0.62978951286854656  0.63795893274093896  0.64617375933013177  0.65446348985943004
  0.66280273792145905  0.67122965898845677  0.67974553378163116  0.68833921315061852
  0.69703851664673910  0.70582557207531460  0.71473395791102257  0.72375643518959765
  0.73289816115576356  0.74219793905474440  0.75163128960015113  0.76128039294381777
  0.77107540461461532  0.78113875941862199  0.79137092023488265  0.80193214060097351
  0.81271049066654999  0.82390676314605005  0.83542534059501261  0.84749576793164250
  0.86008835751139401  0.87340497173412524  0.88756426038693270  0.90289516061949859
  0.91981736737358932  0.93939248380718632  0.96462014543808661  1.00000000000000000
 -0.00249658327838875  0.00941075226845222  0.01959139629131013  0.02999428630395336
  0.04053867102213490  0.05102057882669726  0.06159178785103869  0.07222893985120014
  0.08287655653230996  0.09346683317082782  0.10399037991911778  0.11456881888365240
  0.12514673600399021  0.13571464849402301  0.14633297732696587  0.15696247784948331
  0.16755469123654393  0.17800892101326590  0.18844699754711958  0.19892391868802142
  0.20940026773098155  0.21992301116799873  0.23044478542583821  0.24106988093794834
  0.25174236731370436  0.26235427308060089  0.27292277936072934  0.28347327421530427
  0.29397249229990807  0.30442250987621083  0.31481182594377594  0.32532545383301065
  0.33583846496018865  0.34637946622317217  0.35692932497213409  0.36753039124524234
  0.37805205282407139  0.38840907056263912  0.39881453537153860  0.40928367932957666
  0.41983792229007411  0.43038385145663283  0.44094185735188329  0.45155764204290932
  0.46202974881692255  0.47247992111533765  0.48294098032937410  0.49354646343707476
  0.50419652530081605  0.51489808139631843  0.52561200635277250  0.53628179173260537
  0.54688573290756626  0.55742186712910868  0.56787233035806028  0.57836125305323960
  0.58893497537547224  0.59954092517115531  0.61010226244281618  0.62064253788809465
  0.63124390910169803  0.64190652758719402  0.65261667675836421  0.66328702908892789
  0.67395878949127452  0.68464411098387523  0.69536056258824253  0.70611040238307288
  0.71669539014955164  0.72719541590758718  0.73762008782747412  0.74812395334040349
  0.75872515786552652  0.76928944636306995  0.77981451488328268  0.79044171587224266
  0.80097877348595936  0.81158149980903804  0.82200688668768152  0.83251209237760038
  0.84301622136923926  0.85353241328293750  0.86401915010831498  0.87444159770236529
  0.88484952297052588  0.89528701099914354  0.90572215947144130  0.91616420510736418
  0.92673183783355617  0.93721350230023126  0.94770047024013204  0.95816745437785966
  0.96865703662268854  0.97922580644098034  0.98959249427955120  1.00000000000000000
   7.6380464278752020E-008  -1.0000000000000000     
 F F F F F F F F
  <DiscreteSampler_grid>
  grouped_processes
  1 # 1 for a reference and 2 for a running grid.
  10 # Attribute 'min_bin_probing_points' of the grid.
  1 # Attribute 'grid_mode' of the grid. 1=='default',2=='initialization'
  0.0000000000000000 # Attribute 'small_contrib_threshold' of the grid.
  0.5000000000000000 # Attribute 'damping_power' of the grid.
 # binID   n_entries weight   weight_sqr   abs_weight
    10   10   3.163284333482347E+005   1.220435336585924E+011   3.163284333482347E+005
  </DiscreteSampler_grid>
