 -0.00653466214143568  0.03522315121150384  0.06044966698787999  0.08004041342161342
  0.09695160954456258  0.11229976194963587  0.12646588172223625  0.13978208116509186
  0.15234879672384780  0.16442459649034755  0.17595405814613418  0.18715442664428103
  0.19792811112481207  0.20848797893759816  0.21871966750884497  0.22877863642258695
  0.23856252019874000  0.24820412229803510  0.25763487069943142  0.26693853052118227
  0.27607619716233356  0.28509120853737491  0.29398170916743721  0.30276091683179729
  0.31145697846267750  0.32005076914811498  0.32856575318030756  0.33699983464046090
  0.34535161006671433  0.35365351325970251  0.36187728346945319  0.37004599142012812
  0.37816100980185957  0.38622751157812663  0.39425650382211619  0.40223751736827001
  0.41018634363330053  0.41810639274111094  0.42599477028256760  0.43385631428627464
  0.44168960098944715  0.44949972225043461  0.45729205720133609  0.46506806320271782
  0.47282834410074798  0.48058465996677330  0.48833229955568747  0.49608151080438823
  0.50382923178941796  0.51157602423912141  0.51932695132577344  0.52709068993064978
  0.53485892144206804  0.54264377388337071  0.55044243642790003  0.55825935273600802
  0.56609733317585798  0.57395545181977925  0.58183249414688643  0.58974002497759270
  0.59768228318042083  0.60566328787200063  0.61369820268806741  0.62176513720899440
  0.62987858985388190  0.63804465834328794  0.64626437939415027  0.65456775406288037
  0.66292673494034071  0.67136821691547355  0.67988747368820879  0.68847684159743361
  0.69717360271836604  0.70596032902016448  0.71486701474630421  0.72388893941492094
  0.73302953647712277  0.74233406941671876  0.75177262327421146  0.76142141572689537
  0.77120726905174408  0.78125380961777702  0.79147149804574068  0.80202752028694146
  0.81280224989084993  0.82400910646639736  0.83554098478064398  0.84761825722623918
  0.86018490446318963  0.87348821596956716  0.88765313385393885  0.90300359034639766
  0.91990179080930579  0.93937143712642912  0.96445809740752264  1.00000000000000000
 -0.00229893762321800  0.00978914769876538  0.02005451315889815  0.03052934494717732
  0.04105177030773458  0.05158714607853723  0.06217758837411258  0.07257465022953394
  0.08291117594757935  0.09333346627627907  0.10379734565606169  0.11439417592437072
  0.12502698777390836  0.13576493278367988  0.14660472095536972  0.15736789437301307
  0.16798752862492053  0.17847851122283487  0.18890055751723095  0.19935061265657833
  0.20977349186898911  0.22017147354688846  0.23055659151391883  0.24105149574090998
  0.25151197203713266  0.26201419979478668  0.27250626507408143  0.28295027191924310
  0.29336770516805960  0.30371207198363315  0.31408351157390596  0.32458862980143222
  0.33513762879901027  0.34589679863248690  0.35651762278303112  0.36711552495447142
  0.37765884803815730  0.38817240954243004  0.39870753513971574  0.40922528933218333
  0.41975396401442500  0.43029924379559065  0.44093078352979370  0.45155063464299533
  0.46209954868197822  0.47261694587408198  0.48315201516574097  0.49376720263484619
  0.50439296383025567  0.51503927215374745  0.52558146312355780  0.53609391568904718
  0.54660619278996492  0.55714773838949583  0.56763883959703088  0.57805123506802725
  0.58848814887089518  0.59893599448564205  0.60940250291415954  0.61991761954741376
  0.63045722317033936  0.64105152739728211  0.65165437684975103  0.66222981029906469
  0.67274031752104524  0.68331328649882139  0.69402521753690916  0.70476980365274133
  0.71558370069142363  0.72638066438621118  0.73715739427935867  0.74782499331544439
  0.75839040140025349  0.76891212911329976  0.77935746655104998  0.78984642524451731
  0.80043044936087837  0.81101104911706279  0.82147805714182687  0.83188440465654279
  0.84231800807400681  0.85277881626667174  0.86327783395395097  0.87379778780405326
  0.88432157450663740  0.89489643694741494  0.90537949708333820  0.91586758767970700
  0.92639847807198616  0.93691386446300151  0.94750369458812345  0.95808634296917738
  0.96855765588774489  0.97909292815788018  0.98951557211009400  1.00000000000000000
   6.9956322219168051E-009  -1.0000000000000000     
 F F F F F F F F
  <DiscreteSampler_grid>
  grouped_processes
  1 # 1 for a reference and 2 for a running grid.
  10 # Attribute 'min_bin_probing_points' of the grid.
  1 # Attribute 'grid_mode' of the grid. 1=='default',2=='initialization'
  0.0000000000000000 # Attribute 'small_contrib_threshold' of the grid.
  0.5000000000000000 # Attribute 'damping_power' of the grid.
 # binID   n_entries weight   weight_sqr   abs_weight
    10   10   4.703244029289402E+004   2.690214397786975E+009   4.703244029289402E+004
  </DiscreteSampler_grid>
