 -0.00641189042558904  0.03518042961890026  0.06037852340538922  0.07997666374145138
  0.09686012234459247  0.11215273444545745  0.12626793758619850  0.13956586481418196
  0.15214038071164321  0.16423019189333207  0.17576356658297104  0.18697915997266307
  0.19778280929796682  0.20836099392914734  0.21857931156736232  0.22862112619210831
  0.23839704564681632  0.24803123766460125  0.25746033160400500  0.26675535154036334
  0.27589765474920930  0.28491570275347661  0.29381942617318019  0.30261195917752670
  0.31130834739153129  0.31990256133766576  0.32841286103469275  0.33684111308018139
  0.34518489507573186  0.35348247580160502  0.36171129167828681  0.36988944922017164
  0.37801391226914266  0.38608039539476702  0.39411630730204039  0.40210089788305836
  0.41005589216167704  0.41797670904672646  0.42585910787815900  0.43371641564382962
  0.44154780661920123  0.44936028365661218  0.45715597297827698  0.46493476418219032
  0.47270072239657401  0.48045876658613895  0.48820487832205761  0.49594871929424394
  0.50367998184780427  0.51142876032845652  0.51917971686238817  0.52694456128203271
  0.53471853673848746  0.54250238693460018  0.55029879577000651  0.55811176339196755
  0.56594973566470286  0.57381295490372064  0.58169347729533827  0.58960089688544892
  0.59753931093537382  0.60551128042509084  0.61353499499399800  0.62160271980097037
  0.62972450324789864  0.63790527689918408  0.64613025334440644  0.65442625703910817
  0.66278174960815661  0.67121516220021249  0.67972873777180243  0.68831757376296365
  0.69701756251713465  0.70581403206591853  0.71472647886852958  0.72376072386232670
  0.73291506358892200  0.74221912081491304  0.75165047711398636  0.76128317138081769
  0.77105908494233100  0.78110886926300716  0.79132372565706810  0.80188982923353280
  0.81266286336942084  0.82387100946992675  0.83539220564140981  0.84746820374279996
  0.86005640544979101  0.87339604832508255  0.88754773579549118  0.90283864959492099
  0.91969146008784219  0.93920789764663626  0.96440786699921865  1.00000000000000000
 -0.00226668095315063  0.00962363936495326  0.01965261649623136  0.03001469711344656
  0.04038862556747588  0.05086047336414373  0.06126793866870477  0.07157342655443080
  0.08198204220831534  0.09250384721440391  0.10312317789298392  0.11360321488200621
  0.12410499996983423  0.13470037714977859  0.14524837519647019  0.15577186647548380
  0.16619388841721291  0.17651914602202171  0.18688992697478368  0.19728717479171054
  0.20780546406383116  0.21825802025841695  0.22876351563088268  0.23916966869210493
  0.24956315382867217  0.26008525722228826  0.27058796472068192  0.28134721802365981
  0.29209997239318436  0.30302649677871829  0.31382247304210242  0.32471094319923804
  0.33553397507223925  0.34628448501703207  0.35695017619387265  0.36752488494101215
  0.37814099672754442  0.38872832338007562  0.39928851767849777  0.40982373571475578
  0.42035945516324547  0.43090900468323673  0.44146992673215141  0.45202245495439924
  0.46266854523361711  0.47319557884237007  0.48383974203985403  0.49457207883377718
  0.50533230539064977  0.51604397186121220  0.52663492753188568  0.53718210747781114
  0.54757031895642738  0.55794630843812620  0.56844365943576247  0.57890775076972689
  0.58932628064402282  0.59965120468028277  0.61015805508388499  0.62072321848039069
  0.63150997098471895  0.64235657571495575  0.65318437452301015  0.66407058125478469
  0.67484996332340996  0.68571029698592545  0.69623251573722766  0.70677721157523488
  0.71725085247749232  0.72779479664056279  0.73820997381025832  0.74860156262089117
  0.75906086422380670  0.76955687919113314  0.77998128075958839  0.79034564597734924
  0.80088552409270608  0.81142264492894511  0.82177165029538135  0.83199425994169340
  0.84236980340551681  0.85267307530557346  0.86306308801003562  0.87337990810310340
  0.88376292597771067  0.89409204292502720  0.90448123653032386  0.91489706620695233
  0.92544013491412136  0.93596965525574616  0.94663752958990832  0.95745463055453517
  0.96831046975287871  0.97905329140998454  0.98948918072883596  1.00000000000000000
   2.7990208104908906E-008  -1.0000000000000000     
 F F F F F F F F
  <DiscreteSampler_grid>
  grouped_processes
  1 # 1 for a reference and 2 for a running grid.
  10 # Attribute 'min_bin_probing_points' of the grid.
  1 # Attribute 'grid_mode' of the grid. 1=='default',2=='initialization'
  0.0000000000000000 # Attribute 'small_contrib_threshold' of the grid.
  0.5000000000000000 # Attribute 'damping_power' of the grid.
 # binID   n_entries weight   weight_sqr   abs_weight
    10   10   5.918016296242450E+004   3.921597319174007E+009   5.918016296242450E+004
  </DiscreteSampler_grid>
