 -0.00622037828375176  0.03546124002823112  0.06069726101110156  0.08028585864251531
  0.09720176450715598  0.11254908507831514  0.12670135466889926  0.14002895105928476
  0.15257505363504917  0.16463607362292385  0.17614952348014179  0.18735706484696379
  0.19811827336637880  0.20866632062657731  0.21888124358481245  0.22894095088412464
  0.23872774871437891  0.24837504012707348  0.25780730062607454  0.26710948548915420
  0.27624854967008650  0.28526973690974189  0.29416786068925638  0.30295232128917293
  0.31164670372286096  0.32023412652098371  0.32874701361206399  0.33717608452254150
  0.34551896757294626  0.35380972885389167  0.36202651231941174  0.37018965048288799
  0.37829847578629672  0.38635508751660763  0.39438328397500699  0.40236578386643707
  0.41030772058418569  0.41821000462292818  0.42607782710025532  0.43392911947164947
  0.44176350698409311  0.44957862317843555  0.45737779916228749  0.46516278984377923
  0.47293022981410809  0.48069066783381703  0.48843419987235526  0.49617872884266090
  0.50391413314496802  0.51165046584648077  0.51939090433813440  0.52714479284777427
  0.53490910985404438  0.54267956910810922  0.55046185044737705  0.55826345956450052
  0.56609085640249912  0.57394414635302293  0.58181783776420781  0.58971935059026692
  0.59765247819577361  0.60562145927822320  0.61364381638728316  0.62170349242745637
  0.62981279917922006  0.63797795985142480  0.64619258640072319  0.65448877562325303
  0.66283961899672417  0.67128085459486209  0.67980052885046172  0.68838877016657818
  0.69707268344513484  0.70584546927183200  0.71474764796294177  0.72377647270268775
  0.73293000239025252  0.74223408961991899  0.75166416528355706  0.76130740190087232
  0.77110390362162662  0.78116892859956177  0.79140442749678719  0.80197536769529498
  0.81277938203655609  0.82400759951918923  0.83553481025621967  0.84758511379728196
  0.86011624865767522  0.87337001134479009  0.88746752050159849  0.90275891126452723
  0.91962722940843999  0.93914279780831544  0.96433978602085169  1.00000000000000000
 -0.00209982658412435  0.00980789492693872  0.02000268294067840  0.03034395763967968
  0.04069920504735065  0.05120587693490974  0.06169067753234739  0.07231968249474931
  0.08298410465527184  0.09362421577002090  0.10419464190684342  0.11449178476228881
  0.12493730117364077  0.13544314248215245  0.14595055243626728  0.15643540142956067
  0.16694708738793748  0.17754468004711499  0.18800546662107814  0.19844645630465299
  0.20904677889393564  0.21973577260351093  0.23042511913488342  0.24080182959287200
  0.25114280019208640  0.26148323037840687  0.27201812077242882  0.28275325732362977
  0.29342372385476573  0.30415250953874007  0.31495949610880658  0.32579412763559251
  0.33652068621941694  0.34709942660640186  0.35757823024035512  0.36813356784057355
  0.37880072743418197  0.38957972583493827  0.40030441189924598  0.41100970868327780
  0.42160071959688339  0.43220500498077857  0.44277607842643774  0.45334013127482853
  0.46379699395714874  0.47405301427943558  0.48442398961278182  0.49493475720278440
  0.50574607143332873  0.51654718642141917  0.52732869844176278  0.53799082252172292
  0.54860443456856789  0.55908620474807247  0.56947769730897912  0.57980837605609004
  0.59020771558571661  0.60069497964814911  0.61125915592885693  0.62178946451494421
  0.63250388671401736  0.64312219780076307  0.65388103866257030  0.66441760465117738
  0.67501214323612657  0.68562044329741523  0.69622488802172566  0.70684359718764378
  0.71740995191397694  0.72794702727647853  0.73838315198335114  0.74881750277836900
  0.75923687069998524  0.76968378070027421  0.78009199871177837  0.79056896516288866
  0.80121499548404851  0.81200841966384707  0.82273955996587689  0.83345124288987482
  0.84392390813169049  0.85442936178031137  0.86492840992760633  0.87552462133016051
  0.88605199749509722  0.89644955292708106  0.90663027578906952  0.91691805265789628
  0.92730134570024358  0.93779776078571220  0.94816439238889327  0.95846212691716504
  0.96864752514788788  0.97901492819557667  0.98942734841418734  1.00000000000000000
   2.7894303101576455E-008  -1.0000000000000000     
 F F F F F F F F
  <DiscreteSampler_grid>
  grouped_processes
  1 # 1 for a reference and 2 for a running grid.
  10 # Attribute 'min_bin_probing_points' of the grid.
  1 # Attribute 'grid_mode' of the grid. 1=='default',2=='initialization'
  0.0000000000000000 # Attribute 'small_contrib_threshold' of the grid.
  0.5000000000000000 # Attribute 'damping_power' of the grid.
 # binID   n_entries weight   weight_sqr   abs_weight
    10   10   6.492320198742209E+004   4.793074098936571E+009   6.492320198742209E+004
  </DiscreteSampler_grid>
