 -0.00614457541647876  0.03515744518588614  0.06044009841171119  0.08010851254943735
  0.09705402901638298  0.11238245722941194  0.12654734176315680  0.13988078217160327
  0.15244489157177216  0.16449638808827105  0.17600538030175072  0.18719821624016114
  0.19798464757695164  0.20854347094646297  0.21875869169177875  0.22880074476421916
  0.23855074396174475  0.24817400382519442  0.25759102142822632  0.26690141313910215
  0.27605005934344928  0.28507821578858628  0.29399433871158609  0.30279169442591980
  0.31148492182215137  0.32006353754068700  0.32856956184169434  0.33699590724024897
  0.34532905095871519  0.35360536813028981  0.36180920608084838  0.36996530599944566
  0.37806054145140344  0.38610545515414052  0.39412424841595378  0.40211302181660674
  0.41007644512489194  0.41800657032859950  0.42590269821475235  0.43377326608396249
  0.44161343963857486  0.44942547632014523  0.45721686824238605  0.46499672176403278
  0.47276751850275489  0.48053660604272813  0.48829639140135928  0.49605334955556396
  0.50379312599921078  0.51153532118488665  0.51927873222048404  0.52704372415667500
  0.53481627194578640  0.54260807878449679  0.55041140243990372  0.55822756572717258
  0.56606037443625967  0.57391455002375125  0.58179589729308689  0.58971494810082203
  0.59767261803611293  0.60566793812651154  0.61370987345029093  0.62178341007906102
  0.62990425892456281  0.63807969336379944  0.64630914013026441  0.65462027856898475
  0.66298486007603841  0.67143302462156440  0.67994682988064314  0.68853211374090517
  0.69723054735083478  0.70602599964911872  0.71495011632910965  0.72398353829945117
  0.73313827163699408  0.74242707778193062  0.75184014449090908  0.76142686402787718
  0.77116970793702089  0.78118855939088361  0.79140186566213711  0.80195516933785205
  0.81273578209012609  0.82395269736967414  0.83550443026782117  0.84754275597531925
  0.86005927569743856  0.87330043955111547  0.88745184900650365  0.90275796576169098
  0.91965267406060525  0.93916220941850959  0.96434709109520167  1.00000000000000000
 -0.00255364717246428  0.00959546834354125  0.01979106342410257  0.03043784151599994
  0.04112061038884463  0.05174358152668633  0.06242547982192331  0.07289627358215547
  0.08348840036517734  0.09396017037390948  0.10448368433274223  0.11489296225844131
  0.12512402583316659  0.13549577534852489  0.14580978422686861  0.15610440020374353
  0.16640218294177467  0.17687046521361829  0.18733915217507721  0.19794493776809094
  0.20842217609198105  0.21916918561453561  0.22978631001075939  0.24037497904512919
  0.25109107162251521  0.26169925099942326  0.27234888881847052  0.28277947230782347
  0.29326417588690856  0.30367595423517291  0.31423049042307577  0.32492325506089403
  0.33556030184790758  0.34585572869646891  0.35620872765233402  0.36662355820459192
  0.37711769030575309  0.38740578531960573  0.39758700958637605  0.40803034315950631
  0.41833658154886888  0.42891606118521636  0.43954094396234777  0.45037287550065347
  0.46111788923001940  0.47171304218782778  0.48222117351170657  0.49259626941800272
  0.50295829413531945  0.51332616023083688  0.52372245797276329  0.53408020322071525
  0.54450510833433630  0.55498960805830999  0.56553117857835045  0.57610446897879153
  0.58658070465971390  0.59710690260075716  0.60761595653295586  0.61821169984363089
  0.62871325972824221  0.63926538143184219  0.64982872555807614  0.66046245692822725
  0.67109002190487110  0.68165638227178438  0.69217257530816179  0.70255061199681190
  0.71304838171484852  0.72351193692818971  0.73410915744161398  0.74467068384924850
  0.75525893284953527  0.76591224259686730  0.77654379987459832  0.78718542288560389
  0.79778490634507404  0.80830174023097989  0.81888325828314001  0.82948126538544986
  0.84005038303045754  0.85060730112850191  0.86109880431508634  0.87174068608500765
  0.88227001841139241  0.89273700433391123  0.90324287789951407  0.91377254658383156
  0.92456076531665543  0.93533412777984448  0.94624899083938518  0.95710146150176922
  0.96786073077462109  0.97854613857784889  0.98924136742136515  1.00000000000000000
   2.7971644522135772E-008  -1.0000000000000000     
 F F F F F F F F
  <DiscreteSampler_grid>
  grouped_processes
  1 # 1 for a reference and 2 for a running grid.
  10 # Attribute 'min_bin_probing_points' of the grid.
  1 # Attribute 'grid_mode' of the grid. 1=='default',2=='initialization'
  0.0000000000000000 # Attribute 'small_contrib_threshold' of the grid.
  0.5000000000000000 # Attribute 'damping_power' of the grid.
 # binID   n_entries weight   weight_sqr   abs_weight
    10   10   4.708076871601536E+004   2.870189386432103E+009   4.708076871601536E+004
  </DiscreteSampler_grid>
