 -0.00649899158131228  0.03517528530573244  0.06028297933364295  0.07987706974256538
  0.09683059879819261  0.11220058102678625  0.12637857176152242  0.13971021568815775
  0.15227859022256501  0.16436074336447304  0.17588254564722711  0.18709694038339653
  0.19788123553787862  0.20845775257545313  0.21867916835243933  0.22873426060514052
  0.23851129095353324  0.24815218783208062  0.25757709843005772  0.26688097080097817
  0.27602467666478953  0.28505003924727906  0.29395019826198893  0.30273365735399776
  0.31142603197680874  0.32001081387555624  0.32851506050263618  0.33694071334493414
  0.34528454394479280  0.35357226950410087  0.36178846392021968  0.36995639655171175
  0.37808079851998616  0.38615168158268931  0.39418065716722289  0.40215795042172592
  0.41010283936224462  0.41802038612393561  0.42590232267773398  0.43375633654064771
  0.44158338136488429  0.44938688953595313  0.45717837539201378  0.46495271806116645
  0.47271070976808366  0.48046765685965392  0.48821358574635959  0.49596690964736734
  0.50370944971357345  0.51145409145145493  0.51920315676658779  0.52696734152193025
  0.53473690078569847  0.54251581893771483  0.55030772279480022  0.55811555479341002
  0.56594708484879486  0.57380509538260227  0.58168627428688202  0.58959725835843291
  0.59753299223881839  0.60549373446934684  0.61350792127751097  0.62156325114343891
  0.62968026322781312  0.63785031029697248  0.64607279536522122  0.65437030377976768
  0.66272059932935234  0.67115479347922613  0.67966762084687982  0.68826005366748277
  0.69695721332169802  0.70574616886273356  0.71464661329385593  0.72366725651909869
  0.73281104538614217  0.74212136902836479  0.75155849142189191  0.76120209974441977
  0.77098624816759964  0.78103441390686490  0.79125822251389477  0.80181283563021610
  0.81259372941935659  0.82378294938977437  0.83529795802359263  0.84734730382098111
  0.85988926831783041  0.87316562777644313  0.88730466957823451  0.90264000564012681
  0.91956294495857505  0.93915934850808291  0.96437787023611687  1.00000000000000000
 -0.00245679943987718  0.00962940657874349  0.01972800416307006  0.03020351930216497
  0.04072624110846310  0.05123417207949288  0.06168464443564445  0.07219346373059929
  0.08279375889492338  0.09355725057472225  0.10424333117717571  0.11484142776900894
  0.12542038151328186  0.13593917806785805  0.14642741024120440  0.15693433980414531
  0.16750860053053793  0.17818961563378680  0.18883465187770476  0.19945198210709261
  0.20996454917182633  0.22047928579518813  0.23098344882677108  0.24146534620118656
  0.25194903824355658  0.26247676464756159  0.27300967625035866  0.28353900684313732
  0.29408254802138639  0.30472460301531062  0.31537269106014637  0.32598871234657567
  0.33666288932764288  0.34729812023699813  0.35783052702083601  0.36826207514201842
  0.37877801319490800  0.38933048224702321  0.39981455221886297  0.41030475221459911
  0.42091015741858978  0.43159738095139044  0.44215371328074493  0.45271011682766465
  0.46326284713623400  0.47389137644028956  0.48440832296283237  0.49489016415196596
  0.50534724926349606  0.51583779246996719  0.52632217060297115  0.53673997691664166
  0.54712961023704432  0.55746767123027452  0.56784795522275799  0.57829112594384202
  0.58883363681280521  0.59929242735888388  0.60973842300404613  0.62014827320686750
  0.63065304527754273  0.64116986012763511  0.65161458256892135  0.66203915716505812
  0.67246994530131998  0.68298396286118990  0.69355393192894876  0.70417853648029116
  0.71477710444507159  0.72537089122600729  0.73596116822769431  0.74659822110470708
  0.75727784457313529  0.76796919393296881  0.77861578787857111  0.78909494075466602
  0.79957222952565932  0.80999477480262871  0.82050574660777376  0.83090797451786991
  0.84146430664855221  0.85192890973268032  0.86252561567854436  0.87309285261204950
  0.88370107049541746  0.89416409355443760  0.90463880316498380  0.91517028406323164
  0.92586946010247673  0.93659585339433515  0.94725560974072998  0.95778832374839218
  0.96836400725369298  0.97891000171377451  0.98947524674652598  1.00000000000000000
   6.0609145492181138E-009  -1.0000000000000000     
 F F F F F F F F
  <DiscreteSampler_grid>
  grouped_processes
  1 # 1 for a reference and 2 for a running grid.
  10 # Attribute 'min_bin_probing_points' of the grid.
  1 # Attribute 'grid_mode' of the grid. 1=='default',2=='initialization'
  0.0000000000000000 # Attribute 'small_contrib_threshold' of the grid.
  0.5000000000000000 # Attribute 'damping_power' of the grid.
 # binID   n_entries weight   weight_sqr   abs_weight
    10   10   5.181846534904480E+004   3.056692447659533E+009   5.181846534904480E+004
  </DiscreteSampler_grid>
