 -0.00633233151367020  0.03499717011334315  0.06021534966127277  0.07984167562537449
  0.09677724589796904  0.11213061925842480  0.12628276556080972  0.13959175855205838
  0.15215798015083773  0.16424368818015750  0.17579596402219264  0.18701723082961652
  0.19780362256992190  0.20836956004532947  0.21860348843264529  0.22867185147533250
  0.23846541013654926  0.24811431583364602  0.25754943597974961  0.26685362568814391
  0.27599338938026557  0.28501217384971356  0.29391548449206045  0.30270769989823532
  0.31141042104899475  0.31999849127951008  0.32850594194612864  0.33693412240132442
  0.34528518045746553  0.35358712442919982  0.36181421433049743  0.36999056366651711
  0.37810640015008690  0.38616892828610194  0.39419348841251561  0.40217045104035354
  0.41011298720967482  0.41802328028472113  0.42590362247968216  0.43376559286135391
  0.44160644528922727  0.44942433407449645  0.45721880427741823  0.46499278095169405
  0.47275256131410393  0.48050475787509589  0.48825330893069652  0.49599959618344430
  0.50375054934402852  0.51150403262943678  0.51925753899009774  0.52701863170723195
  0.53478468146749492  0.54256724699074610  0.55036462399329866  0.55817826331731846
  0.56601147667445206  0.57386765887959978  0.58174649848214344  0.58965957963838944
  0.59760671723957692  0.60558676564098846  0.61361962380329582  0.62168509039275488
  0.62979815762328673  0.63796644988903861  0.64618456007501712  0.65448273064848206
  0.66283436322356759  0.67126625169355736  0.67977685761285167  0.68836441629188316
  0.69705715769202459  0.70583953049452097  0.71474317127114717  0.72376760823562081
  0.73291901847597563  0.74222848851639722  0.75166509060896458  0.76130770058530184
  0.77109239270945262  0.78114380562176489  0.79136657683331291  0.80192466571801513
  0.81270690818785174  0.82391538238804340  0.83544504922458396  0.84751352636111676
  0.86007385428362426  0.87335934396068082  0.88749246126745363  0.90280104209662015
  0.91969606348787591  0.93922420972373633  0.96437670584806900  1.00000000000000000
 -0.00255251406717723  0.00995945461663335  0.02028425033633112  0.03074618965590657
  0.04122190662251757  0.05175481021077494  0.06232811313145958  0.07284569845982404
  0.08336641760931103  0.09389220656870237  0.10436543358661787  0.11486826759738246
  0.12538436803902653  0.13582323721598563  0.14627135259906043  0.15680110751864090
  0.16727769225502337  0.17782152764681403  0.18826084987975417  0.19886953039444505
  0.20949710669119603  0.22013349785637989  0.23075609920400852  0.24129732384594124
  0.25191002390952527  0.26258792985286977  0.27323090379826059  0.28380526562508762
  0.29436088787085229  0.30495707246168530  0.31556193539160121  0.32618792620654080
  0.33673633925526408  0.34730792398005744  0.35780796125477804  0.36832822813654315
  0.37880995519160299  0.38928351973228631  0.39979418845107956  0.41025207292246291
  0.42075129006071960  0.43123252728190009  0.44174098284222513  0.45231151327491109
  0.46276663751822383  0.47327522160596175  0.48368268717173696  0.49416018413204266
  0.50464530345189096  0.51504806069970099  0.52547885563213648  0.53589010945613402
  0.54634978587910432  0.55674710373470593  0.56715059985190652  0.57752690994720945
  0.58794569671645480  0.59846740216491057  0.60903537845833722  0.61969866860944700
  0.63034114969034960  0.64091519985072420  0.65143135644401828  0.66192547431840409
  0.67261419914345566  0.68334201389041216  0.69404714847079307  0.70481715918728571
  0.71550008399241649  0.72616634194378538  0.73674130001348470  0.74726951992002755
  0.75775021180821178  0.76819835627754685  0.77869071663537304  0.78925548820610936
  0.79983074200117088  0.81032835199216113  0.82067537873948060  0.83115436502567452
  0.84180254861402981  0.85256594776529893  0.86318727323570044  0.87364646779179311
  0.88422180449692289  0.89471826765119844  0.90526888373292469  0.91580794832006418
  0.92631662287945005  0.93691589115909901  0.94739948480124658  0.95790699169173554
  0.96843090777980412  0.97897065633195612  0.98953254642129262  1.00000000000000000
   5.8849054642095748E-009  -1.0000000000000000     
 F F F F F F F F
  <DiscreteSampler_grid>
  grouped_processes
  1 # 1 for a reference and 2 for a running grid.
  10 # Attribute 'min_bin_probing_points' of the grid.
  1 # Attribute 'grid_mode' of the grid. 1=='default',2=='initialization'
  0.0000000000000000 # Attribute 'small_contrib_threshold' of the grid.
  0.5000000000000000 # Attribute 'damping_power' of the grid.
 # binID   n_entries weight   weight_sqr   abs_weight
    10   10   5.723015932748618E+004   3.905799466724986E+009   5.723015932748618E+004
  </DiscreteSampler_grid>
