 -0.00651104416806423  0.03532421622111232  0.06051109472150289  0.08009300192827033
  0.09702128128511923  0.11237437906449045  0.12653878588923745  0.13983567702774727
  0.15239409457663769  0.16445969792423970  0.17599353248610183  0.18719947815302818
  0.19799496149417617  0.20856503178808414  0.21879447109920325  0.22885203157007153
  0.23863370912303677  0.24826385284718189  0.25767993827477959  0.26696533813068735
  0.27610132400257648  0.28511996007375151  0.29402475056192667  0.30281476836050303
  0.31150499851759644  0.32008790238476847  0.32859734443663702  0.33703148098496172
  0.34538539190644857  0.35368526804442385  0.36190864996482525  0.37008217327173870
  0.37819392016506986  0.38625026907409143  0.39426620350096026  0.40223406075030887
  0.41017011070663362  0.41807664780076370  0.42595323732027446  0.43380783572463733
  0.44163877497859627  0.44944864627387598  0.45724427546807184  0.46502588909711168
  0.47279008546478657  0.48054038206771077  0.48827817522219674  0.49601302797059887
  0.50375076876656011  0.51148909343831617  0.51922975888079514  0.52698032533988060
  0.53473842288795870  0.54251262275144507  0.55030538856557198  0.55811520525499736
  0.56594570988940229  0.57379878268626117  0.58167567219860272  0.58958856101544865
  0.59753405725072672  0.60551237139135416  0.61354171001690150  0.62160609431575797
  0.62972173752437788  0.63789184094627138  0.64611166609389348  0.65440766999156930
  0.66275328414436918  0.67118059211041015  0.67969379288961407  0.68829118353014263
  0.69699027848007322  0.70577243735625284  0.71466830992186670  0.72368656535515496
  0.73282512517383169  0.74212284827396191  0.75154313629452851  0.76117826116496812
  0.77095436932958883  0.78101184734724505  0.79123795411212616  0.80180502316425539
  0.81258886420023613  0.82379978171181256  0.83531080970334948  0.84735780669888516
  0.85989415421633919  0.87319242594101332  0.88735586399079647  0.90268780095770529
  0.91955764723555411  0.93904993669312620  0.96421812015638042  1.00000000000000000
 -0.00247504261786518  0.00950867160311894  0.01968177121307543  0.03019246329721405
  0.04077395783689502  0.05136420157041933  0.06186853652740482  0.07233664507158434
  0.08283420414476693  0.09341223787972988  0.10394225297472569  0.11448387986144924
  0.12498837459788072  0.13549120573633222  0.14592277985805949  0.15632557197954042
  0.16674080033801328  0.17728741988255226  0.18771583425621588  0.19819851555417548
  0.20860456187306814  0.21915413480746690  0.22962484661568464  0.24018653328948714
  0.25076540203915898  0.26149135019430592  0.27219912066596924  0.28292165070667263
  0.29366367122107950  0.30440663190621570  0.31513080958334289  0.32571657361057715
  0.33619892111300992  0.34656968868010540  0.35697397300425804  0.36728357486314095
  0.37760774529219160  0.38789333391376091  0.39826787234608851  0.40872971687779908
  0.41921902776848652  0.42979612156388036  0.44031561565562594  0.45085633869748626
  0.46134349593639229  0.47181361776161607  0.48224363319620478  0.49267872182335826
  0.50321617954649900  0.51377668592886816  0.52444669723155846  0.53505917104167244
  0.54563168603918955  0.55618797193762681  0.56675547024681749  0.57735570255457047
  0.58794054481011804  0.59849084658583218  0.60908180197797479  0.61962323212873027
  0.63037048014487351  0.64111671793732739  0.65184738443917256  0.66251620433444836
  0.67315643126050184  0.68378047528471564  0.69427928120890237  0.70475462760798813
  0.71524322951058672  0.72565240651030649  0.73618345422710241  0.74675438140993011
  0.75751464706567695  0.76823058235127095  0.77896036709250749  0.78967166412533529
  0.80037593112086136  0.81100853838605613  0.82155715791585515  0.83203087865720027
  0.84241408813815943  0.85279139620089783  0.86316129581049394  0.87353052761313943
  0.88391837318527255  0.89430873322408833  0.90483095031368432  0.91536157387441475
  0.92592458200215810  0.93653046595355183  0.94705028898171750  0.95764055478432775
  0.96819454690551132  0.97882719593552470  0.98939059209112989  1.00000000000000000
   7.9184870807727080E-008  -1.0000000000000000     
 F F F F F F F F
  <DiscreteSampler_grid>
  grouped_processes
  1 # 1 for a reference and 2 for a running grid.
  10 # Attribute 'min_bin_probing_points' of the grid.
  1 # Attribute 'grid_mode' of the grid. 1=='default',2=='initialization'
  0.0000000000000000 # Attribute 'small_contrib_threshold' of the grid.
  0.5000000000000000 # Attribute 'damping_power' of the grid.
 # binID   n_entries weight   weight_sqr   abs_weight
    10   10   3.266317474680642E+005   1.323221313232934E+011   3.266317474680642E+005
  </DiscreteSampler_grid>
