 -0.00632954196626566  0.03520633476916550  0.06031668809380825  0.07989003795197570
  0.09681581632308781  0.11219002619537631  0.12636829949257516  0.13969620753891757
  0.15226864392573630  0.16436162188738243  0.17589584910189521  0.18710056741149175
  0.19787549156034470  0.20844403848510415  0.21867518587368204  0.22873665099835594
  0.23852615060224958  0.24817805552582634  0.25761997520220747  0.26693426155949518
  0.27608321425907778  0.28510470906924945  0.29400519112585666  0.30279441098205395
  0.31149885484273426  0.32009846676137915  0.32861662559488120  0.33705574927220433
  0.34540957627877800  0.35371052368001121  0.36193002623379500  0.37009612161650074
  0.37820749422469030  0.38627194845751728  0.39429987795869392  0.40227723233731338
  0.41021939095480997  0.41813160458459969  0.42601439977539302  0.43387290470855361
  0.44170506861242931  0.44951704111785096  0.45731383307393442  0.46509598096005583
  0.47286212497292357  0.48062100438922295  0.48836933723393061  0.49611856864827852
  0.50385903032660107  0.51159808644001992  0.51934177524004099  0.52709898045440606
  0.53486575525585955  0.54264791999409556  0.55044640067068262  0.55826029502589092
  0.56609269374689986  0.57394685572827564  0.58182474578315058  0.58973913383989351
  0.59768385556758252  0.60565884710000228  0.61368235524246095  0.62173636850616909
  0.62984907053986194  0.63801486765691129  0.64623682660910997  0.65453802250008175
  0.66289859718690791  0.67133884041519987  0.67985847109088648  0.68844455750767364
  0.69714160254810853  0.70592883180641142  0.71483779742467846  0.72386253903850317
  0.73301016697835353  0.74231368350814853  0.75173933680332439  0.76137336826098467
  0.77115084412204860  0.78121054742352836  0.79144037949571411  0.80201705753434216
  0.81279996635449248  0.82400029050352197  0.83551367016305067  0.84758140204637067
  0.86012545547616759  0.87341407858615638  0.88756613677484775  0.90288481245910801
  0.91974861207860892  0.93923275914965032  0.96439660238439273  1.00000000000000000
 -0.00244633090615231  0.00953307800888855  0.01954648747018860  0.02988602431728977
  0.04027380632444201  0.05077305626714093  0.06119569450450581  0.07169691005385000
  0.08214437684144774  0.09270346431433873  0.10323031408935868  0.11383906462339667
  0.12449112788270615  0.13505757971193316  0.14555153769141577  0.15592433416752274
  0.16637677489974395  0.17689225646020104  0.18741633215485076  0.19784024690553950
  0.20830640908124531  0.21887281371834350  0.22952525085007400  0.24010695443149219
  0.25062976078443833  0.26123278838209374  0.27187241579474719  0.28257223534467024
  0.29324325047449068  0.30385323704707828  0.31444932427872124  0.32495027886262545
  0.33550342050076010  0.34603109909369612  0.35652093448091099  0.36706148517026871
  0.37758818085562829  0.38813879706215537  0.39872705768629746  0.40938752810291779
  0.41996260392102575  0.43054076711309608  0.44104357075310463  0.45170823061836507
  0.46230170411212751  0.47296250166055687  0.48353539641092874  0.49409579684129212
  0.50464032812300597  0.51520003365417744  0.52570956647753964  0.53616814133881185
  0.54662389620953811  0.55699154104720439  0.56742290873503665  0.57782849756700905
  0.58823089021603037  0.59858011271372080  0.60896127578700587  0.61954987601344702
  0.63024248706407082  0.64098165613116009  0.65160539631030201  0.66211740696487220
  0.67259137403515201  0.68302626534786004  0.69348255476572618  0.70388396717921864
  0.71430287851850083  0.72479643091206603  0.73541264379928772  0.74615432745530685
  0.75681573277381842  0.76747556413601670  0.77806955030699387  0.78875130618656408
  0.79938802471906090  0.80997884692208966  0.82045825146357443  0.83101117826417958
  0.84158211147359241  0.85223898542940246  0.86288975950201041  0.87353228488807289
  0.88405969844499788  0.89457422785151852  0.90503097627012496  0.91547138981732368
  0.92590249384166323  0.93633237791324331  0.94684209677405240  0.95733967719908875
  0.96800332524296095  0.97868690221874810  0.98933876791735831  1.00000000000000000
   6.0714077508099351E-009  -1.0000000000000000     
 F F F F F F F F
  <DiscreteSampler_grid>
  grouped_processes
  1 # 1 for a reference and 2 for a running grid.
  10 # Attribute 'min_bin_probing_points' of the grid.
  1 # Attribute 'grid_mode' of the grid. 1=='default',2=='initialization'
  0.0000000000000000 # Attribute 'small_contrib_threshold' of the grid.
  0.5000000000000000 # Attribute 'damping_power' of the grid.
 # binID   n_entries weight   weight_sqr   abs_weight
    10   10   6.275898888186768E+004   4.514905273265126E+009   6.275898888186768E+004
  </DiscreteSampler_grid>
