 -0.00651145596047950  0.03548841990777259  0.06063004162925759  0.08016268591507902
  0.09708366948418463  0.11243436628252698  0.12659793746245401  0.13988904872684363
  0.15244429394788808  0.16450048203652501  0.17602695306226485  0.18723739069232859
  0.19803211698195128  0.20860417617760163  0.21882933918073713  0.22888625964078274
  0.23866281156664307  0.24829869603224819  0.25772836536950994  0.26703002789663155
  0.27617360787219980  0.28519220648627380  0.29409591556542092  0.30287449359482527
  0.31156076121028736  0.32014408431556768  0.32865467375593110  0.33708794384618901
  0.34543154475769094  0.35372491722891963  0.36194405874875751  0.37012097346779316
  0.37824333607471128  0.38631292952693186  0.39434279951178403  0.40231942762655132
  0.41026267926043203  0.41817712630810033  0.42606078242289802  0.43392057386517874
  0.44175240767431651  0.44955774337310017  0.45734560823575893  0.46512122010153767
  0.47288511718649567  0.48064828518758196  0.48840080944245146  0.49615074385726909
  0.50389131878700477  0.51163411866857822  0.51938033911515058  0.52714205431955197
  0.53491196962300847  0.54269694330297735  0.55049907229722728  0.55831647130200202
  0.56615348359970552  0.57401266755847502  0.58189521237935471  0.58981293122380352
  0.59776238495845246  0.60574490449153195  0.61378244160344897  0.62185703646550494
  0.62997715143730304  0.63814307046645680  0.64635283329124837  0.65464061470679957
  0.66298441685235221  0.67141214312252229  0.67992338084434112  0.68851837023389861
  0.69721994404251486  0.70601023056974854  0.71491634257365722  0.72394151427586739
  0.73309272636180012  0.74239303564718095  0.75181649344039247  0.76144623443593762
  0.77122443705452193  0.78127518337002189  0.79149803797016238  0.80206910294897893
  0.81287340155659416  0.82410091719685563  0.83564765653563255  0.84772300608908602
  0.86030331183183628  0.87362677419635681  0.88779767732895243  0.90312154957827673
  0.92002284825718095  0.93955607654349838  0.96472137442151784  1.00000000000000000
 -0.00209718841198380  0.00959325227351640  0.01963601186795524  0.03019314248887055
  0.04078521941612542  0.05131067296420152  0.06182551352158684  0.07245360369790176
  0.08301757329422485  0.09350048742802865  0.10393962475930410  0.11440414361774066
  0.12485722351175366  0.13528497579844512  0.14568190973571626  0.15628828990385113
  0.16679342311365278  0.17739378891779028  0.18793295312540351  0.19864751005078854
  0.20930060493563890  0.21977248031197397  0.23016237102119169  0.24058602694551551
  0.25089699123211623  0.26140254152472286  0.27190492853219794  0.28254221028276788
  0.29302447877215504  0.30361982434379581  0.31422426639811152  0.32484221645066391
  0.33546619366771385  0.34604749905858911  0.35677635187352402  0.36732980139332749
  0.37807089783377656  0.38854167851298849  0.39910854119809852  0.40943323187400332
  0.41986229192892227  0.43032618364083175  0.44083257685045091  0.45137671653325645
  0.46191363914398759  0.47249299973298486  0.48297397663136438  0.49342270973292479
  0.50392639064869904  0.51449578591015310  0.52507351699165994  0.53563777812488611
  0.54617679953389087  0.55682024628407656  0.56742734205351397  0.57812906820083565
  0.58871940964470260  0.59935963469163067  0.61000618174281007  0.62060314619680634
  0.63111992440623177  0.64163239455983301  0.65216294344780945  0.66268085308780122
  0.67314492861839170  0.68378044616998501  0.69442163121850342  0.70511000332410179
  0.71576307097992320  0.72642656939451311  0.73702026231886419  0.74757095039692245
  0.75811535118272066  0.76866594426082790  0.77910038047187646  0.78966384794797084
  0.80021019650335179  0.81079438835566098  0.82121229552723896  0.83159790877615025
  0.84205822035462963  0.85248362095232588  0.86292615358096059  0.87332886676921551
  0.88377832343545459  0.89420753247362461  0.90473704877794414  0.91516823730594554
  0.92576724599012306  0.93627536179454918  0.94702221184299618  0.95774104718948583
  0.96845486278286064  0.97901271137945334  0.98953400906229161  1.00000000000000000
   5.1659388129389389E-008  -1.0000000000000000     
 F F F F F F F F
  <DiscreteSampler_grid>
  grouped_processes
  1 # 1 for a reference and 2 for a running grid.
  10 # Attribute 'min_bin_probing_points' of the grid.
  1 # Attribute 'grid_mode' of the grid. 1=='default',2=='initialization'
  0.0000000000000000 # Attribute 'small_contrib_threshold' of the grid.
  0.5000000000000000 # Attribute 'damping_power' of the grid.
 # binID   n_entries weight   weight_sqr   abs_weight
    10   10   4.786154707210099E+005   2.873662626615669E+011   4.786154707210099E+005
  </DiscreteSampler_grid>
