 -0.00651145596047950  0.03548841990777259  0.06063004162925759  0.08016268591507902
  0.09708366948418463  0.11243436628252698  0.12659793746245399  0.13988904872684363
  0.15244429394788808  0.16450048203652504  0.17602695306226485  0.18723739069232861
  0.19803211698195128  0.20860417617760163  0.21882933918073713  0.22888625964078274
  0.23866281156664304  0.24829869603224819  0.25772836536950999  0.26703002789663149
  0.27617360787219974  0.28519220648627380  0.29409591556542086  0.30287449359482527
  0.31156076121028731  0.32014408431556768  0.32865467375593105  0.33708794384618895
  0.34543154475769094  0.35372491722891963  0.36194405874875746  0.37012097346779310
  0.37824333607471122  0.38631292952693175  0.39434279951178397  0.40231942762655126
  0.41026267926043197  0.41817712630810022  0.42606078242289797  0.43392057386517868
  0.44175240767431645  0.44955774337310012  0.45734560823575882  0.46512122010153761
  0.47288511718649556  0.48064828518758190  0.48840080944245134  0.49615074385726904
  0.50389131878700466  0.51163411866857811  0.51938033911515058  0.52714205431955197
  0.53491196962300835  0.54269694330297713  0.55049907229722717  0.55831647130200190
  0.56615348359970541  0.57401266755847491  0.58189521237935460  0.58981293122380340
  0.59776238495845235  0.60574490449153195  0.61378244160344886  0.62185703646550472
  0.62997715143730293  0.63814307046645669  0.64635283329124826  0.65464061470679957
  0.66298441685235210  0.67141214312252206  0.67992338084434101  0.68851837023389850
  0.69721994404251486  0.70601023056974843  0.71491634257365710  0.72394151427586728
  0.73309272636180001  0.74239303564718084  0.75181649344039236  0.76144623443593762
  0.77122443705452182  0.78127518337002166  0.79149803797016227  0.80206910294897893
  0.81287340155659404  0.82410091719685552  0.83564765653563233  0.84772300608908591
  0.86030331183183606  0.87362677419635659  0.88779767732895210  0.90312154957827639
  0.92002284825718061  0.93955607654349815  0.96472137442151740  1.00000000000000000
 -0.00209718841198380  0.00959325227351640  0.01963601186795524  0.03019314248887054
  0.04078521941612541  0.05131067296420150  0.06182551352158681  0.07245360369790171
  0.08301757329422484  0.09350048742802862  0.10393962475930406  0.11440414361774062
  0.12485722351175361  0.13528497579844509  0.14568190973571624  0.15628828990385105
  0.16679342311365272  0.17739378891779023  0.18793295312540345  0.19864751005078848
  0.20930060493563885  0.21977248031197391  0.23016237102119161  0.24058602694551545
  0.25089699123211617  0.26140254152472281  0.27190492853219789  0.28254221028276783
  0.29302447877215493  0.30361982434379570  0.31422426639811146  0.32484221645066386
  0.33546619366771380  0.34604749905858906  0.35677635187352391  0.36732980139332738
  0.37807089783377645  0.38854167851298838  0.39910854119809841  0.40943323187400327
  0.41986229192892216  0.43032618364083164  0.44083257685045080  0.45137671653325634
  0.46191363914398748  0.47249299973298470  0.48297397663136427  0.49342270973292468
  0.50392639064869893  0.51449578591015288  0.52507351699165983  0.53563777812488600
  0.54617679953389076  0.55682024628407645  0.56742734205351397  0.57812906820083543
  0.58871940964470260  0.59935963469163056  0.61000618174280996  0.62060314619680623
  0.63111992440623177  0.64163239455983290  0.65216294344780923  0.66268085308780111
  0.67314492861839148  0.68378044616998501  0.69442163121850320  0.70511000332410168
  0.71576307097992309  0.72642656939451300  0.73702026231886397  0.74757095039692234
  0.75811535118272044  0.76866594426082779  0.77910038047187635  0.78966384794797073
  0.80021019650335168  0.81079438835566076  0.82121229552723884  0.83159790877615014
  0.84205822035462952  0.85248362095232566  0.86292615358096048  0.87332886676921528
  0.88377832343545448  0.89420753247362450  0.90473704877794392  0.91516823730594532
  0.92576724599012294  0.93627536179454895  0.94702221184299595  0.95774104718948561
  0.96845486278286030  0.97901271137945323  0.98953400906229139  1.00000000000000000
   4.8732259723930597E-009  -1.0000000000000000     
 F F F F F F F F
  <DiscreteSampler_grid>
  grouped_processes
  1 # 1 for a reference and 2 for a running grid.
  10 # Attribute 'min_bin_probing_points' of the grid.
  1 # Attribute 'grid_mode' of the grid. 1=='default',2=='initialization'
  0.0000000000000000 # Attribute 'small_contrib_threshold' of the grid.
  0.5000000000000000 # Attribute 'damping_power' of the grid.
 # binID   n_entries weight   weight_sqr   abs_weight
    10   10   3.935938452092475E+004   1.943385292819088E+009   3.935938452092475E+004
  </DiscreteSampler_grid>
