 -0.00648690513233625  0.03522466612075545  0.06047808054684776  0.08008459538984924
  0.09699973924542699  0.11234226839129147  0.12649249032045920  0.13978780213165848
  0.15233174988600326  0.16439133164623096  0.17592275063376062  0.18713382660063549
  0.19790648039858841  0.20844774954469258  0.21866379819877613  0.22871029835948362
  0.23849562023108681  0.24813009759354437  0.25756165884591503  0.26686298678235820
  0.27600278140522905  0.28502315939248707  0.29392969539861447  0.30272824352328631
  0.31143281634771419  0.32002815284288016  0.32854116332238004  0.33696834637317763
  0.34530646312087887  0.35359366762933542  0.36180889229918617  0.36997803686543901
  0.37809342585693656  0.38615701236283650  0.39418843490969080  0.40217041913005319
  0.41011857625804099  0.41803501895136547  0.42591832772977584  0.43377645303803569
  0.44160704980700055  0.44941514307686720  0.45720717098233826  0.46498537921111727
  0.47275222420825630  0.48050555369913972  0.48825347671745245  0.49599796502159021
  0.50374892953846329  0.51149874316393040  0.51925000650176578  0.52701139331885705
  0.53477664592632090  0.54255318950246390  0.55034295244857601  0.55814713702733321
  0.56597368016956773  0.57382365980233807  0.58169934760437392  0.58961371742766544
  0.59756414099258293  0.60555079969509207  0.61358686304304899  0.62165550002796133
  0.62977515733595757  0.63794824653738957  0.64617203349943175  0.65447185218670612
  0.66282736393791397  0.67126241461583924  0.67977401237823398  0.68835832720485302
  0.69705026172947537  0.70583889415641476  0.71474941046938834  0.72376947731894559
  0.73290870610403069  0.74220485923134616  0.75163224770528247  0.76126571693114298
  0.77103481707717236  0.78108239583425743  0.79129685799735916  0.80185597814872944
  0.81263547868862884  0.82384861429134970  0.83537400321160227  0.84744043934287661
  0.85999067681434815  0.87328979155946829  0.88744081195590896  0.90278043342361491
  0.91968482622368763  0.93917638285065452  0.96429930832340849  1.00000000000000000
 -0.00233189772728024  0.00944664737811725  0.01959856956624707  0.03004540373126954
  0.04059905090174700  0.05107514704172787  0.06146515212569858  0.07189165038549557
  0.08225538387962283  0.09280378680261429  0.10327726593484728  0.11387276274721540
  0.12444096566287936  0.13496250741315197  0.14549800141275640  0.15610381981186985
  0.16676558184288873  0.17733578576700748  0.18783204679684654  0.19840209369498418
  0.20911509662472144  0.21978202257568291  0.23040148291331067  0.24088615672201269
  0.25143358907124641  0.26201164617526512  0.27261584774412057  0.28318504529354654
  0.29373993370301482  0.30436276027307380  0.31499391002387167  0.32560733841649470
  0.33620473708758258  0.34683838322758914  0.35755621555529121  0.36823727809146234
  0.37879836273243417  0.38933221648169725  0.39990180897193317  0.41059804209683659
  0.42121550990375439  0.43183226882556064  0.44239590795704836  0.45295832984772172
  0.46358196434710341  0.47418302653935385  0.48477585842430843  0.49520638909318609
  0.50571854910381864  0.51623810965771078  0.52683564518297765  0.53739212209867959
  0.54800533516798866  0.55871642255775700  0.56940038906371948  0.58005520768910390
  0.59053382749009709  0.60106857816373882  0.61153110743714711  0.62199702478267727
  0.63241223079023501  0.64287140819318511  0.65332871038495555  0.66378667042563777
  0.67428968539982137  0.68480478259434097  0.69533440088077003  0.70581111633318816
  0.71635695721269244  0.72692299444565633  0.73751550747972194  0.74801030164816362
  0.75856690283160355  0.76908636480660431  0.77965908531539252  0.79024211945710088
  0.80088751759125454  0.81153273601694964  0.82203557393093274  0.83251260345980294
  0.84307169175857144  0.85361637479898522  0.86417600469574363  0.87466267160002775
  0.88511790661179124  0.89553405498137950  0.90588586709968877  0.91636572885352374
  0.92687200524446067  0.93740119100273345  0.94783200664727685  0.95828175233578550
  0.96876240090511356  0.97927709764365833  0.98966343934526602  1.00000000000000000
   7.9386420880446010E-008  -1.0000000000000000     
 F F F F F F F F
  <DiscreteSampler_grid>
  grouped_processes
  1 # 1 for a reference and 2 for a running grid.
  10 # Attribute 'min_bin_probing_points' of the grid.
  1 # Attribute 'grid_mode' of the grid. 1=='default',2=='initialization'
  0.0000000000000000 # Attribute 'small_contrib_threshold' of the grid.
  0.5000000000000000 # Attribute 'damping_power' of the grid.
 # binID   n_entries weight   weight_sqr   abs_weight
    10   10   3.672207960997957E+005   1.549166267250095E+011   3.672207960997957E+005
  </DiscreteSampler_grid>
