 -0.00635263848383729  0.03518745341978376  0.06039514116730464  0.07997679755333920
  0.09691867324465067  0.11227485527769160  0.12644742969788406  0.13976924570268931
  0.15233678070390924  0.16441013377516644  0.17594057223464366  0.18715707494936293
  0.19794731215100989  0.20851995540852625  0.21874310004355335  0.22879130453863417
  0.23856668212913676  0.24820740595423829  0.25764193347136066  0.26693908398906707
  0.27607252468178978  0.28508080224950627  0.29397967369311656  0.30275902967528945
  0.31145037106113904  0.32003011211658200  0.32853504727002886  0.33696283697521706
  0.34531008666054047  0.35360468669700473  0.36182305533881315  0.36999303393913685
  0.37811036977857115  0.38617904146760290  0.39421422058927819  0.40219425184971158
  0.41013873163109149  0.41804929947982550  0.42592651494331746  0.43378473365116582
  0.44161934975154976  0.44943301159932247  0.45722987587869063  0.46500964959622931
  0.47277338401205149  0.48052389409216489  0.48825610593280183  0.49598124747007732
  0.50371347059640648  0.51145815453650489  0.51921125289062475  0.52697517306336894
  0.53474725360285658  0.54252517882439677  0.55030961464842054  0.55810546260872829
  0.56592606604336548  0.57378135120285712  0.58166636822828133  0.58958471389985811
  0.59753262134358787  0.60551196262878937  0.61354306240044221  0.62160768977483516
  0.62972433665121785  0.63789380964789333  0.64610896981470289  0.65439334754608991
  0.66272547266314852  0.67113993079793000  0.67964438060249477  0.68823358646252020
  0.69693046883314247  0.70571539742815681  0.71461867619272268  0.72364522236266526
  0.73279491483647341  0.74210669340568114  0.75153938834426115  0.76117309694982871
  0.77094207444694451  0.78098484708161298  0.79121180645971867  0.80178165800002077
  0.81256945524114099  0.82376943931109470  0.83527607001744053  0.84732854827208082
  0.85988692746578288  0.87319429151404360  0.88734494067087621  0.90266080395127524
  0.91953580321256900  0.93902222958598791  0.96418703186149368  1.00000000000000000
 -0.00224442881046599  0.00951782184831058  0.01971232373979144  0.03019207151160836
  0.04075556273682659  0.05132365765099269  0.06198235786830205  0.07260653837952763
  0.08322902204519979  0.09382795113609584  0.10443348872179802  0.11504819001468360
  0.12560164265883686  0.13615328927960557  0.14677378546914813  0.15746805452192419
  0.16818884547092519  0.17886212820592662  0.18946229802484882  0.20006440710547532
  0.21057109570831764  0.22100350982494207  0.23140369313756037  0.24181508520387068
  0.25227746654684036  0.26268681030486241  0.27310541296268881  0.28355782213159070
  0.29401062555192103  0.30448927372246620  0.31497490454637483  0.32550007893340005
  0.33596917420899375  0.34641444595521320  0.35689438787729894  0.36738343421921427
  0.37794454037957875  0.38852740161981131  0.39915896792824507  0.40970057252282949
  0.42019304576608235  0.43073213755990625  0.44139383879459820  0.45209961469977317
  0.46275454752832151  0.47330387677389069  0.48386878849338927  0.49452110402628113
  0.50517851981939632  0.51580286481431370  0.52642790212299229  0.53699436144567358
  0.54748445863766237  0.55782968383040188  0.56831112093603542  0.57891308075202519
  0.58953559327997118  0.60017372428819826  0.61074547527281742  0.62130432386126511
  0.63184041158713522  0.64236961176544127  0.65302881888495867  0.66360208949147625
  0.67414640952230453  0.68470089993900574  0.69527598412386249  0.70586982321795044
  0.71637926652192918  0.72684799564336500  0.73734675307426523  0.74777652345442158
  0.75831493484063006  0.76886578417679596  0.77935865071787469  0.78989266979957706
  0.80042039624480132  0.81098412332900138  0.82141145389116310  0.83183575215073990
  0.84230882925004757  0.85270181127497280  0.86325107852515559  0.87375510765275555
  0.88437579350548057  0.89485520407560870  0.90540062526095888  0.91595852403871136
  0.92635536009795894  0.93669426125300503  0.94703764306518989  0.95746959721058345
  0.96803119886229594  0.97861300617772273  0.98928343032760657  1.00000000000000000
   7.6141097803363847E-008  -1.0000000000000000     
 F F F F F F F F
  <DiscreteSampler_grid>
  grouped_processes
  1 # 1 for a reference and 2 for a running grid.
  10 # Attribute 'min_bin_probing_points' of the grid.
  1 # Attribute 'grid_mode' of the grid. 1=='default',2=='initialization'
  0.0000000000000000 # Attribute 'small_contrib_threshold' of the grid.
  0.5000000000000000 # Attribute 'damping_power' of the grid.
 # binID   n_entries weight   weight_sqr   abs_weight
    10   10   3.800598973129540E+005   1.524532707894839E+011   3.800598973129540E+005
  </DiscreteSampler_grid>
